# atmos --saveVMR -z0[2]20[5]40[10]120 -fxy -o US_standard.XY US_standard50.xy
#
#what:   z    pressure temperature         air         H2O         CO2          O3         N2O          CO         CH4          O2          NO         SO2         NO2         NH3        HNO3          OH          HF         HCl         HBr          HI         ClO         OCS        H2CO        HOCl          N2         HCN       CH3Cl        H2O2        C2H2        C2H6         PH3         HO2
#units: km          mb           K     1/cm**3         ppm         ppm         ppm         ppm         ppm         ppm         ppm         ppm         ppm         ppm         ppm         ppm         ppm         ppm         ppm         ppm         ppm         ppm         ppm         ppm         ppm         ppm         ppm         ppm         ppm         ppm         ppm         ppm         ppm
       0.0        1010     288.200   2.548e+19    7.74e+03         330      0.0266        0.32        0.15         1.7    2.09e+05      0.0003      0.0003     2.3e-05      0.0005       5e-05     4.4e-08       1e-08       0.001     1.7e-06       3e-06       1e-08      0.0006      0.0024     7.7e-06    7.81e+05     0.00017      0.0007      0.0002      0.0003       0.002       1e-14       4e-05
       2.0         795     275.200   2.094e+19    4.63e+03         330      0.0324        0.32        0.14         1.7    2.09e+05      0.0003    0.000236     2.3e-05    0.000463    6.93e-05     4.4e-08    1.23e-08    0.000561     1.7e-06       3e-06       1e-08     0.00058    0.000404    1.22e-05    7.81e+05    0.000163    0.000643    0.000192    9.57e-05       0.002       1e-14       2e-05
       4.0         617     262.200   1.704e+19    2.16e+03         330      0.0339        0.32       0.131         1.7    2.09e+05      0.0003    0.000146     2.3e-05    0.000288    8.87e-05     4.4e-08    3.18e-08    0.000319     1.7e-06       3e-06       1e-08    0.000562     0.00014     9.8e-06    7.81e+05     0.00016    0.000607    0.000184    5.07e-05     0.00198       1e-14       1e-05
       6.0         472     249.200   1.373e+19         925         330      0.0411        0.32       0.129         1.7    2.09e+05      0.0003    9.71e-05     2.3e-05    0.000146    0.000111     4.4e-08    9.18e-08    0.000179     1.7e-06       3e-06       1e-08    0.000548    7.44e-05    6.42e-06    7.81e+05     0.00016      0.0006    0.000166    3.19e-05      0.0019       1e-14     4.4e-06
       8.0         356     236.200   1.094e+19         367         330      0.0597        0.32       0.119         1.7    2.09e+05      0.0003    7.21e-05     2.3e-05    6.48e-05    0.000139    4.45e-08    2.41e-07    9.96e-05     1.7e-06       3e-06    1.01e-08    0.000532    5.01e-05     4.7e-06    7.81e+05     0.00016    0.000598    0.000123    2.55e-05     0.00179       1e-14     1.6e-06
      10.0         265     223.300   8.602e+18          70         330       0.131       0.318      0.0996        1.68    2.09e+05      0.0003    6.08e-05    2.38e-05    2.03e-05    0.000174    4.68e-08    6.57e-07    5.68e-05     1.7e-06       3e-06    1.21e-08    0.000518    3.63e-05    4.34e-06    7.81e+05     0.00016    0.000588    5.79e-05    2.27e-05     0.00158       1e-14     5.4e-07
      12.0         194     216.700   6.489e+18        19.1         330        0.31        0.31      0.0781        1.66    2.09e+05      0.0003     5.6e-05    3.15e-05     6.3e-06    0.000241    4.94e-08    1.96e-06    4.36e-05     1.7e-06       3e-06    3.18e-08    0.000498    3.39e-05    5.01e-06    7.81e+05     0.00016    0.000566    1.95e-05    1.76e-05    0.000986       1e-14     3.4e-07
      14.0         142     216.700   4.739e+18        5.93         330       0.503         0.3      0.0503        1.63    2.09e+05    0.000295    5.64e-05    7.48e-05    1.11e-06    0.000333    5.65e-08    4.62e-06    0.000101     1.7e-06       3e-06    9.99e-08     0.00046    3.62e-05     5.6e-06    7.81e+05    0.000157    0.000528    6.59e-06    7.32e-06    0.000496       1e-14     2.1e-07
      16.0         104     216.700   3.462e+18        3.95         330        0.87       0.288      0.0307        1.58    2.09e+05    0.000268    5.75e-05    0.000319    2.11e-07    0.000737    8.25e-08    1.05e-05    0.000237     1.7e-06       3e-06    3.16e-07    0.000388    3.58e-05    8.77e-06    7.81e+05    0.000152    0.000477    2.94e-06    2.59e-06    0.000214       1e-14     2.4e-07
      18.0        75.7     216.700    2.53e+18        3.83         330        1.59       0.267      0.0197        1.52    2.09e+05     0.00024    4.78e-05    0.000771     6.7e-08     0.00211     1.3e-07    2.57e-05    0.000385     1.7e-06       3e-06    1.04e-06    0.000309    3.42e-05    1.63e-05    7.81e+05    0.000145    0.000421    2.24e-06    8.63e-07    0.000105       1e-14     4.8e-07
      20.0        55.3     216.700   1.849e+18         3.9         330        2.58       0.236      0.0133        1.42    2.09e+05    0.000255    3.19e-05     0.00139    2.41e-08      0.0042    2.16e-07    5.77e-05    0.000489     1.7e-06       3e-06    4.64e-06    0.000241    3.43e-05    3.07e-05    7.81e+05    0.000137    0.000369    3.68e-06     3.1e-07    6.01e-05       1e-14     9.6e-07
      25.0        25.5     221.600   8.337e+17        4.43         330        5.12       0.176       0.015        1.05    2.09e+05    0.000685    1.75e-05     0.00374    1.23e-08     0.00561    2.18e-06    0.000182    0.000651    1.71e-06       3e-06    3.97e-05    0.000108    5.82e-05    0.000131    7.81e+05    0.000113    0.000191     6.2e-05    8.51e-09    1.22e-05       1e-14     6.7e-06
      30.0          12     226.500    3.83e+17        4.72         330        6.55       0.142      0.0171       0.914    2.09e+05     0.00245    1.34e-05     0.00616    6.35e-09     0.00374    1.17e-05    0.000283    0.000988     1.9e-06       3e-06    0.000185    2.96e-05    8.73e-05    0.000245    7.81e+05    9.73e-05    4.72e-05    0.000136    2.52e-09    2.14e-06       1e-14     2.9e-05
      35.0        5.75     236.500   1.761e+17         4.9         330        7.84      0.0927      0.0201       0.746    2.09e+05     0.00714    1.16e-05     0.00728    1.82e-09     0.00164    8.35e-05    0.000348     0.00157    2.82e-06       3e-06    0.000508    4.31e-06    0.000111    0.000321    7.81e+05    8.46e-05    7.35e-06    0.000113    1.52e-09    3.42e-07       1e-14     6.8e-05
      40.0        2.87     250.400    8.31e+16        5.03         330         7.3      0.0451       0.025       0.564    2.09e+05      0.0112    1.36e-05     0.00403    2.94e-10    0.000533    0.000285    0.000395     0.00174    4.91e-06       3e-06    0.000595    6.71e-07    0.000103    0.000248    7.81e+05    7.63e-05    1.32e-06    6.37e-05    1.18e-09    5.39e-08       1e-14     9.8e-05
      50.0       0.798     270.700   2.136e+16        5.22         330         3.1     0.00475       0.046        0.21    2.09e+05      0.0103    3.56e-05    0.000443    7.13e-12    5.55e-05    0.000675    0.000425      0.0018    7.14e-06       3e-06    0.000104    2.47e-07     5.1e-06    2.53e-05    7.81e+05    6.43e-05    4.94e-07    3.48e-05    8.83e-10    4.74e-09       1e-14      0.0002
      60.0       0.219     247.000   6.426e+15        4.75         330         1.1     0.00206       0.107        0.15    2.09e+05      0.0101    5.15e-05    0.000285    3.66e-12    3.84e-05     0.00176    0.000425      0.0018    7.15e-06       3e-06     6.3e-05    2.16e-07    1.05e-06    1.05e-05    7.81e+05    6.02e-05    4.32e-07    5.25e-05     8.1e-10    3.28e-09       1e-14     0.00027
      70.0      0.0522     219.600   1.723e+15         3.5         330         0.3     0.00115       0.306        0.15    2.09e+05      0.0115    4.32e-05    0.000231    2.57e-12    3.27e-05     0.00719    0.000425      0.0018    7.15e-06       3e-06    5.04e-05    2.03e-07    5.14e-07    7.11e-06    7.81e+05    5.75e-05    4.05e-07    0.000377     7.6e-10    2.79e-09       1e-14     0.00058
      80.0      0.0105     198.600   3.832e+14        2.05         328         0.3    0.000706         1.5        0.15    2.09e+05      0.0268    1.33e-05    0.000202    2.04e-12    3.01e-05      0.0113    0.000425      0.0018    7.15e-06       3e-06    4.49e-05    1.95e-07    3.53e-07    5.78e-06    7.81e+05     5.5e-05    3.89e-07       0.002    7.23e-10    2.56e-09       1e-14      0.0015
      90.0     0.00184     186.900   7.136e+13        0.85         310         0.7    0.000471        5.84        0.14     1.9e+05       0.213    2.24e-06    0.000183    1.71e-12    2.84e-05     0.00151    0.000425      0.0018    7.15e-06       3e-06    4.16e-05    1.89e-07    2.76e-07    5.05e-06     7.8e+05    5.25e-05    3.78e-07    0.000431    6.94e-10    2.43e-09       1e-14     9.8e-05
     100.0     0.00032     195.100   1.189e+13         0.4         195         0.4    0.000332        16.9        0.12     1.6e+05        2.08    3.58e-07     0.00017    1.48e-12    2.73e-05    4.47e-05    0.000425      0.0018    7.15e-06       3e-06    3.93e-05    1.85e-07     2.3e-07    4.56e-06    7.77e+05       5e-05    3.69e-07    6.76e-06     6.7e-10    2.33e-09       1e-14       1e-05
     110.0     7.1e-05     240.000   2.144e+12        0.28          60        0.05    0.000244        33.6       0.095     1.2e+05        7.98    5.73e-08    0.000159    1.32e-12    2.64e-05    1.19e-05    0.000425      0.0018    7.15e-06       3e-06    3.75e-05    1.81e-07    1.98e-07    4.21e-06     7.7e+05    4.75e-05    3.62e-07    9.56e-08    6.49e-10    2.25e-09       1e-14       1e-30
     120.0    2.54e-05     360.000   5.114e+11         0.2          35      0.0005    0.000185          50        0.03    7.25e+04          10    9.17e-09    0.000151    1.19e-12    2.57e-05     2.2e-05    0.000425      0.0018    7.15e-06       3e-06    3.61e-05    1.78e-07    1.75e-07    3.93e-06     7.6e+05     4.5e-05    3.56e-07       1e-09    6.32e-10    2.19e-09       1e-14       1e-30
