# atmos --saveVMR -z0[0.1]20[1]40 -fxy -o USstandard_100m.XY USstandard_50.xy
#
#what:   z    pressure temperature         air         H2O         CO2          O3         N2O          CO         CH4          O2          NO         SO2         NO2         NH3        HNO3          OH          HF         HCl         HBr          HI         ClO         OCS        H2CO        HOCl          N2         HCN       CH3Cl        H2O2        C2H2        C2H6         PH3         HO2
#units: km          mb           K     1/cm**3         ppm         ppm         ppm         ppm         ppm         ppm         ppm         ppm         ppm         ppm         ppm         ppm         ppm         ppm         ppm         ppm         ppm         ppm         ppm         ppm         ppm         ppm         ppm         ppm         ppm         ppm         ppm         ppm         ppm
     0.000        1013     288.200   2.548e+19    7.74e+03         330      0.0266        0.32        0.15         1.7    2.09e+05      0.0003      0.0003     2.3e-05      0.0005       5e-05     4.4e-08       1e-08       0.001     1.7e-06       3e-06       1e-08      0.0006      0.0024     7.7e-06    7.81e+05     0.00017      0.0007      0.0002      0.0003       0.002       1e-14       4e-05
     0.100     1000.96     287.550   2.523e+19    7.58e+03         330      0.0269        0.32       0.149         1.7    2.09e+05      0.0003    0.000297     2.3e-05      0.0005     5.1e-05     4.4e-08       1e-08    0.000975     1.7e-06       3e-06       1e-08    0.000599     0.00227    7.99e-06    7.81e+05     0.00017    0.000697      0.0002    0.000287       0.002       1e-14    3.89e-05
     0.200     989.054     286.900   2.499e+19    7.41e+03         330      0.0271        0.32       0.149         1.7    2.09e+05      0.0003    0.000295     2.3e-05      0.0005    5.19e-05     4.4e-08       1e-08     0.00095     1.7e-06       3e-06       1e-08    0.000598     0.00213    8.28e-06    7.81e+05    0.000169    0.000694    0.000199    0.000274       0.002       1e-14    3.78e-05
     0.300     977.295     286.250   2.475e+19    7.24e+03         330      0.0274        0.32       0.148         1.7    2.09e+05      0.0003    0.000292     2.3e-05      0.0005    5.29e-05     4.4e-08       1e-08    0.000925     1.7e-06       3e-06       1e-08    0.000597       0.002    8.57e-06    7.81e+05    0.000168    0.000691    0.000198    0.000262       0.002       1e-14    3.67e-05
     0.400     965.675     285.600   2.451e+19    7.08e+03         330      0.0277        0.32       0.148         1.7    2.09e+05      0.0003     0.00029     2.3e-05      0.0005    5.38e-05     4.4e-08       1e-08      0.0009     1.7e-06       3e-06       1e-08    0.000596     0.00187    8.86e-06    7.81e+05    0.000168    0.000688    0.000198    0.000249       0.002       1e-14    3.56e-05
     0.500     954.193     284.950   2.428e+19    6.91e+03         330       0.028        0.32       0.147         1.7    2.09e+05      0.0003    0.000287     2.3e-05      0.0005    5.48e-05     4.4e-08       1e-08    0.000875     1.7e-06       3e-06       1e-08    0.000595     0.00173    9.15e-06    7.81e+05    0.000167    0.000685    0.000197    0.000236       0.002       1e-14    3.45e-05
     0.600     942.848     284.300   2.404e+19    6.74e+03         330      0.0282        0.32       0.147         1.7    2.09e+05      0.0003    0.000284     2.3e-05      0.0005    5.58e-05     4.4e-08       1e-08    0.000849     1.7e-06       3e-06       1e-08    0.000594      0.0016    9.44e-06    7.81e+05    0.000167    0.000682    0.000197    0.000223       0.002       1e-14    3.34e-05
     0.700     931.638     283.650   2.381e+19    6.57e+03         330      0.0285        0.32       0.146         1.7    2.09e+05      0.0003    0.000282     2.3e-05      0.0005    5.67e-05     4.4e-08       1e-08    0.000824     1.7e-06       3e-06       1e-08    0.000593     0.00147    9.73e-06    7.81e+05    0.000166    0.000679    0.000196     0.00021       0.002       1e-14    3.23e-05
     0.800     920.561     283.000   2.358e+19    6.41e+03         330      0.0288        0.32       0.146         1.7    2.09e+05      0.0003    0.000279     2.3e-05      0.0005    5.77e-05     4.4e-08       1e-08    0.000799     1.7e-06       3e-06       1e-08    0.000592     0.00134       1e-05    7.81e+05    0.000166    0.000676    0.000196    0.000198       0.002       1e-14    3.12e-05
     0.900     909.615     282.350   2.335e+19    6.24e+03         330       0.029        0.32       0.145         1.7    2.09e+05      0.0003    0.000277     2.3e-05      0.0005    5.86e-05     4.4e-08       1e-08    0.000774     1.7e-06       3e-06       1e-08    0.000591      0.0012    1.03e-05    7.81e+05    0.000165    0.000673    0.000196    0.000185       0.002       1e-14    3.01e-05
     1.000       898.8     281.700   2.313e+19    6.07e+03         330      0.0293        0.32       0.145         1.7    2.09e+05      0.0003    0.000274     2.3e-05      0.0005    5.96e-05     4.4e-08       1e-08    0.000749     1.7e-06       3e-06       1e-08     0.00059     0.00107    1.06e-05    7.81e+05    0.000165     0.00067    0.000195    0.000172       0.002       1e-14     2.9e-05
     1.100     887.837     281.050    2.29e+19    5.93e+03         330      0.0296        0.32       0.144         1.7    2.09e+05      0.0003     0.00027     2.3e-05    0.000496    6.06e-05     4.4e-08    1.02e-08     0.00073     1.7e-06       3e-06       1e-08    0.000589       0.001    1.08e-05    7.81e+05    0.000165    0.000667    0.000195    0.000164       0.002       1e-14    2.81e-05
     1.200     877.009     280.400   2.267e+19    5.78e+03         330      0.0299        0.32       0.144         1.7    2.09e+05      0.0003    0.000266     2.3e-05    0.000493    6.15e-05     4.4e-08    1.05e-08    0.000711     1.7e-06       3e-06       1e-08    0.000588    0.000937    1.09e-05    7.81e+05    0.000165    0.000665    0.000194    0.000157       0.002       1e-14    2.72e-05
     1.300     866.312     279.750   2.245e+19    5.64e+03         330      0.0302        0.32       0.143         1.7    2.09e+05      0.0003    0.000263     2.3e-05    0.000489    6.25e-05     4.4e-08    1.07e-08    0.000693     1.7e-06       3e-06       1e-08    0.000587     0.00087    1.11e-05    7.81e+05    0.000164    0.000662    0.000194    0.000149       0.002       1e-14    2.63e-05
     1.400     855.746     279.100   2.223e+19     5.5e+03         330      0.0305        0.32       0.143         1.7    2.09e+05      0.0003    0.000259     2.3e-05    0.000485    6.35e-05     4.4e-08    1.09e-08    0.000674     1.7e-06       3e-06       1e-08    0.000586    0.000804    1.12e-05    7.81e+05    0.000164    0.000659    0.000194    0.000141       0.002       1e-14    2.54e-05
     1.500     845.308     278.450   2.201e+19    5.35e+03         330      0.0308        0.32       0.142         1.7    2.09e+05      0.0003    0.000255     2.3e-05    0.000481    6.45e-05     4.4e-08    1.12e-08    0.000655     1.7e-06       3e-06       1e-08    0.000585    0.000737    1.14e-05    7.81e+05    0.000164    0.000657    0.000193    0.000134       0.002       1e-14    2.45e-05
     1.600     834.998     277.800   2.179e+19    5.21e+03         330      0.0311        0.32       0.142         1.7    2.09e+05      0.0003    0.000251     2.3e-05    0.000478    6.54e-05     4.4e-08    1.14e-08    0.000636     1.7e-06       3e-06       1e-08    0.000584     0.00067    1.16e-05    7.81e+05    0.000164    0.000654    0.000193    0.000126       0.002       1e-14    2.36e-05
     1.700     824.814     277.150   2.157e+19    5.06e+03         330      0.0315        0.32       0.142         1.7    2.09e+05      0.0003    0.000247     2.3e-05    0.000474    6.64e-05     4.4e-08    1.16e-08    0.000617     1.7e-06       3e-06       1e-08    0.000583    0.000604    1.17e-05    7.81e+05    0.000164    0.000651    0.000193    0.000119       0.002       1e-14    2.27e-05
     1.800     814.754     276.500   2.136e+19    4.92e+03         330      0.0318        0.32       0.141         1.7    2.09e+05      0.0003    0.000244     2.3e-05     0.00047    6.74e-05     4.4e-08    1.18e-08    0.000599     1.7e-06       3e-06       1e-08    0.000582    0.000537    1.19e-05    7.81e+05    0.000163    0.000648    0.000193    0.000111       0.002       1e-14    2.18e-05
     1.900     804.816     275.850   2.115e+19    4.78e+03         330      0.0321        0.32       0.141         1.7    2.09e+05      0.0003     0.00024     2.3e-05    0.000467    6.83e-05     4.4e-08    1.21e-08     0.00058     1.7e-06       3e-06       1e-08    0.000581    0.000471     1.2e-05    7.81e+05    0.000163    0.000646    0.000192    0.000103       0.002       1e-14    2.09e-05
     2.000         795     275.200   2.094e+19    4.63e+03         330      0.0324        0.32        0.14         1.7    2.09e+05      0.0003    0.000236     2.3e-05    0.000463    6.93e-05     4.4e-08    1.23e-08    0.000561     1.7e-06       3e-06       1e-08     0.00058    0.000404    1.22e-05    7.81e+05    0.000163    0.000643    0.000192    9.57e-05       0.002       1e-14       2e-05
     2.100     785.081     274.550   2.073e+19    4.49e+03         330      0.0325        0.32        0.14         1.7    2.09e+05      0.0003    0.000231     2.3e-05    0.000455    7.03e-05     4.4e-08     1.3e-08    0.000547     1.7e-06       3e-06       1e-08    0.000579    0.000386    1.21e-05    7.81e+05    0.000163    0.000641    0.000192    9.29e-05       0.002       1e-14    1.95e-05
     2.200     775.286     273.900   2.052e+19    4.34e+03         330      0.0325        0.32       0.139         1.7    2.09e+05      0.0003    0.000227     2.3e-05    0.000446    7.13e-05     4.4e-08    1.38e-08    0.000533     1.7e-06       3e-06       1e-08    0.000578    0.000369     1.2e-05    7.81e+05    0.000163    0.000639    0.000191       9e-05       0.002       1e-14     1.9e-05
     2.300     765.613     273.250   2.031e+19     4.2e+03         330      0.0326        0.32       0.139         1.7    2.09e+05      0.0003    0.000222     2.3e-05    0.000438    7.22e-05     4.4e-08    1.45e-08    0.000519     1.7e-06       3e-06       1e-08    0.000577    0.000351     1.2e-05    7.81e+05    0.000162    0.000637    0.000191    8.72e-05       0.002       1e-14    1.85e-05
     2.400     756.061     272.600    2.01e+19    4.05e+03         330      0.0327        0.32       0.138         1.7    2.09e+05      0.0003    0.000218     2.3e-05     0.00043    7.32e-05     4.4e-08    1.53e-08    0.000505     1.7e-06       3e-06       1e-08    0.000576    0.000333    1.19e-05    7.81e+05    0.000162    0.000635    0.000191    8.44e-05       0.002       1e-14     1.8e-05
     2.500     746.628     271.950    1.99e+19    3.91e+03         330      0.0328        0.32       0.138         1.7    2.09e+05      0.0003    0.000213     2.3e-05    0.000421    7.42e-05     4.4e-08     1.6e-08    0.000491     1.7e-06       3e-06       1e-08    0.000575    0.000316    1.18e-05    7.81e+05    0.000162    0.000633    0.000191    8.16e-05       0.002       1e-14    1.75e-05
     2.600     737.313     271.300    1.97e+19    3.76e+03         330      0.0329        0.32       0.137         1.7    2.09e+05      0.0003    0.000208     2.3e-05    0.000413    7.52e-05     4.4e-08    1.67e-08    0.000478     1.7e-06       3e-06       1e-08    0.000574    0.000298    1.17e-05    7.81e+05    0.000162     0.00063     0.00019    7.87e-05       0.002       1e-14     1.7e-05
     2.700     728.114     270.650    1.95e+19    3.62e+03         330      0.0329        0.32       0.137         1.7    2.09e+05      0.0003    0.000204     2.3e-05    0.000405    7.62e-05     4.4e-08    1.75e-08    0.000464     1.7e-06       3e-06       1e-08    0.000573     0.00028    1.16e-05    7.81e+05    0.000162    0.000628     0.00019    7.59e-05       0.002       1e-14    1.65e-05
     2.800      719.03     270.000    1.93e+19    3.47e+03         330       0.033        0.32       0.136         1.7    2.09e+05      0.0003    0.000199     2.3e-05    0.000397    7.71e-05     4.4e-08    1.82e-08     0.00045     1.7e-06       3e-06       1e-08    0.000572    0.000262    1.16e-05    7.81e+05    0.000161    0.000626     0.00019    7.31e-05       0.002       1e-14     1.6e-05
     2.900     710.059     269.350    1.91e+19    3.33e+03         330      0.0331        0.32       0.136         1.7    2.09e+05      0.0003    0.000195     2.3e-05    0.000388    7.81e-05     4.4e-08     1.9e-08    0.000436     1.7e-06       3e-06       1e-08    0.000571    0.000245    1.15e-05    7.81e+05    0.000161    0.000624    0.000189    7.02e-05       0.002       1e-14    1.55e-05
     3.000       701.2     268.700   1.891e+19    3.18e+03         330      0.0332        0.32       0.135         1.7    2.09e+05      0.0003     0.00019     2.3e-05     0.00038    7.91e-05     4.4e-08    1.97e-08    0.000422     1.7e-06       3e-06       1e-08     0.00057    0.000227    1.14e-05    7.81e+05    0.000161    0.000622    0.000189    6.74e-05       0.002       1e-14     1.5e-05
     3.100     692.242     268.050   1.871e+19    3.08e+03         330      0.0332        0.32       0.135         1.7    2.09e+05      0.0003    0.000186     2.3e-05    0.000371    8.01e-05     4.4e-08    2.09e-08    0.000412     1.7e-06       3e-06       1e-08    0.000569    0.000218    1.12e-05    7.81e+05    0.000161    0.000621    0.000189    6.57e-05       0.002       1e-14    1.45e-05
     3.200     683.399     267.400   1.852e+19    2.98e+03         330      0.0333        0.32       0.134         1.7    2.09e+05      0.0003    0.000181     2.3e-05    0.000362     8.1e-05     4.4e-08    2.21e-08    0.000401     1.7e-06       3e-06       1e-08    0.000568     0.00021    1.11e-05    7.81e+05    0.000161    0.000619    0.000188    6.41e-05       0.002       1e-14     1.4e-05
     3.300     674.668     266.750   1.833e+19    2.87e+03         330      0.0334        0.32       0.134         1.7    2.09e+05      0.0003    0.000177     2.3e-05    0.000352     8.2e-05     4.4e-08    2.33e-08    0.000391     1.7e-06       3e-06       1e-08    0.000568    0.000201    1.09e-05    7.81e+05    0.000161    0.000617    0.000188    6.24e-05     0.00199       1e-14    1.35e-05
     3.400      666.05     266.100   1.814e+19    2.77e+03         330      0.0335        0.32       0.133         1.7    2.09e+05      0.0003    0.000172     2.3e-05    0.000343    8.29e-05     4.4e-08    2.45e-08    0.000381     1.7e-06       3e-06       1e-08    0.000567    0.000192    1.08e-05    7.81e+05    0.000161    0.000616    0.000187    6.07e-05     0.00199       1e-14     1.3e-05
     3.500     657.541     265.450   1.795e+19    2.67e+03         330      0.0335        0.32       0.133         1.7    2.09e+05      0.0003    0.000168     2.3e-05    0.000334    8.39e-05     4.4e-08    2.57e-08    0.000371     1.7e-06       3e-06       1e-08    0.000566    0.000183    1.06e-05    7.81e+05     0.00016    0.000614    0.000187     5.9e-05     0.00199       1e-14    1.25e-05
     3.600     649.141     264.800   1.776e+19    2.57e+03         330      0.0336        0.32       0.133         1.7    2.09e+05      0.0003    0.000164     2.3e-05    0.000325    8.49e-05     4.4e-08     2.7e-08     0.00036     1.7e-06       3e-06       1e-08    0.000565    0.000175    1.04e-05    7.81e+05     0.00016    0.000613    0.000186    5.74e-05     0.00199       1e-14     1.2e-05
     3.700     640.848     264.150   1.758e+19    2.47e+03         330      0.0337        0.32       0.132         1.7    2.09e+05      0.0003    0.000159     2.3e-05    0.000316    8.58e-05     4.4e-08    2.82e-08     0.00035     1.7e-06       3e-06       1e-08    0.000564    0.000166    1.03e-05    7.81e+05     0.00016    0.000611    0.000186    5.57e-05     0.00199       1e-14    1.15e-05
     3.800     632.661     263.500    1.74e+19    2.36e+03         330      0.0337        0.32       0.132         1.7    2.09e+05      0.0003    0.000155     2.3e-05    0.000306    8.68e-05     4.4e-08    2.94e-08     0.00034     1.7e-06       3e-06       1e-08    0.000564    0.000157    1.01e-05    7.81e+05     0.00016     0.00061    0.000185     5.4e-05     0.00198       1e-14     1.1e-05
     3.900     624.579     262.850   1.722e+19    2.26e+03         330      0.0338        0.32       0.131         1.7    2.09e+05      0.0003     0.00015     2.3e-05    0.000297    8.77e-05     4.4e-08    3.06e-08    0.000329     1.7e-06       3e-06       1e-08    0.000563    0.000149    9.96e-06    7.81e+05     0.00016    0.000608    0.000185    5.24e-05     0.00198       1e-14    1.05e-05
     4.000       616.6     262.200   1.704e+19    2.16e+03         330      0.0339        0.32       0.131         1.7    2.09e+05      0.0003    0.000146     2.3e-05    0.000288    8.87e-05     4.4e-08    3.18e-08    0.000319     1.7e-06       3e-06       1e-08    0.000562     0.00014     9.8e-06    7.81e+05     0.00016    0.000607    0.000184    5.07e-05     0.00198       1e-14       1e-05
     4.100     608.531     261.550   1.686e+19    2.08e+03         330      0.0343        0.32       0.131         1.7    2.09e+05      0.0003    0.000143     2.3e-05     0.00028    8.96e-05     4.4e-08    3.43e-08    0.000311     1.7e-06       3e-06       1e-08    0.000561    0.000136    9.62e-06    7.81e+05     0.00016    0.000607    0.000183    4.96e-05     0.00198       1e-14    9.75e-06
     4.200     600.568     260.900   1.668e+19    2.01e+03         330      0.0346        0.32       0.131         1.7    2.09e+05      0.0003     0.00014     2.3e-05    0.000271    9.05e-05     4.4e-08    3.67e-08    0.000303     1.7e-06       3e-06       1e-08    0.000561    0.000132    9.44e-06    7.81e+05     0.00016    0.000606    0.000183    4.85e-05     0.00197       1e-14     9.5e-06
     4.300     592.709     260.250    1.65e+19    1.93e+03         330       0.035        0.32       0.131         1.7    2.09e+05      0.0003    0.000138     2.3e-05    0.000263    9.13e-05     4.4e-08    3.91e-08    0.000295     1.7e-06       3e-06       1e-08     0.00056    0.000128    9.26e-06    7.81e+05     0.00016    0.000606    0.000182    4.75e-05     0.00197       1e-14    9.25e-06
     4.400     584.952     259.600   1.633e+19    1.85e+03         330      0.0354        0.32       0.131         1.7    2.09e+05      0.0003    0.000135     2.3e-05    0.000254    9.22e-05     4.4e-08    4.16e-08    0.000287     1.7e-06       3e-06       1e-08    0.000559    0.000124    9.08e-06    7.81e+05     0.00016    0.000605    0.000181    4.64e-05     0.00197       1e-14       9e-06
     4.500     577.297     258.950   1.616e+19    1.78e+03         330      0.0358        0.32       0.131         1.7    2.09e+05      0.0003    0.000132     2.3e-05    0.000246    9.31e-05     4.4e-08    4.41e-08    0.000279     1.7e-06       3e-06       1e-08    0.000558     0.00012    8.91e-06    7.81e+05     0.00016    0.000604     0.00018    4.53e-05     0.00196       1e-14    8.75e-06
     4.600     569.743     258.300   1.599e+19     1.7e+03         330      0.0362        0.32        0.13         1.7    2.09e+05      0.0003    0.000129     2.3e-05    0.000238     9.4e-05     4.4e-08    4.65e-08    0.000271     1.7e-06       3e-06       1e-08    0.000558    0.000116    8.73e-06    7.81e+05     0.00016    0.000604     0.00018    4.42e-05     0.00196       1e-14     8.5e-06
     4.700     562.287     257.650   1.582e+19    1.63e+03         330      0.0365        0.32        0.13         1.7    2.09e+05      0.0003    0.000126     2.3e-05    0.000229    9.49e-05     4.4e-08     4.9e-08    0.000263     1.7e-06       3e-06       1e-08    0.000557    0.000112    8.55e-06    7.81e+05     0.00016    0.000603    0.000179    4.31e-05     0.00196       1e-14    8.25e-06
     4.800     554.929     257.000   1.565e+19    1.55e+03         330      0.0369        0.32        0.13         1.7    2.09e+05      0.0003    0.000124     2.3e-05    0.000221    9.57e-05     4.4e-08    5.14e-08    0.000255     1.7e-06       3e-06       1e-08    0.000556    0.000108    8.37e-06    7.81e+05     0.00016    0.000603    0.000178    4.21e-05     0.00196       1e-14       8e-06
     4.900     547.667     256.350   1.548e+19    1.47e+03         330      0.0373        0.32        0.13         1.7    2.09e+05      0.0003    0.000121     2.3e-05    0.000212    9.66e-05     4.4e-08    5.39e-08    0.000247     1.7e-06       3e-06       1e-08    0.000556    0.000104    8.19e-06    7.81e+05     0.00016    0.000602    0.000178     4.1e-05     0.00195       1e-14    7.75e-06
     5.000       540.5     255.700   1.532e+19     1.4e+03         330      0.0377        0.32        0.13         1.7    2.09e+05      0.0003    0.000118     2.3e-05    0.000204    9.75e-05     4.4e-08    5.63e-08    0.000239     1.7e-06       3e-06       1e-08    0.000555      0.0001    8.01e-06    7.81e+05     0.00016    0.000602    0.000177    3.99e-05     0.00195       1e-14     7.5e-06
     5.100     533.247     255.050   1.515e+19    1.35e+03         330       0.038        0.32        0.13         1.7    2.09e+05      0.0003    0.000116     2.3e-05    0.000198    9.89e-05     4.4e-08    5.99e-08    0.000233     1.7e-06       3e-06       1e-08    0.000554    9.74e-05    7.85e-06    7.81e+05     0.00016    0.000602    0.000176    3.91e-05     0.00194       1e-14    7.19e-06
     5.200     526.092     254.400   1.499e+19     1.3e+03         330      0.0384        0.32        0.13         1.7    2.09e+05      0.0003    0.000114     2.3e-05    0.000192      0.0001     4.4e-08    6.34e-08    0.000227     1.7e-06       3e-06       1e-08    0.000554    9.49e-05    7.69e-06    7.81e+05     0.00016    0.000602    0.000175    3.83e-05     0.00194       1e-14    6.88e-06
     5.300     519.033     253.750   1.482e+19    1.26e+03         330      0.0387        0.32        0.13         1.7    2.09e+05      0.0003    0.000112     2.3e-05    0.000187    0.000102     4.4e-08     6.7e-08    0.000221     1.7e-06       3e-06       1e-08    0.000553    9.23e-05    7.53e-06    7.81e+05     0.00016    0.000601    0.000174    3.75e-05     0.00193       1e-14    6.57e-06
     5.400     512.068     253.100   1.466e+19    1.21e+03         330      0.0391        0.32        0.13         1.7    2.09e+05      0.0003     0.00011     2.3e-05    0.000181    0.000103     4.4e-08    7.05e-08    0.000215     1.7e-06       3e-06       1e-08    0.000552    8.98e-05    7.37e-06    7.81e+05     0.00016    0.000601    0.000173    3.67e-05     0.00193       1e-14    6.26e-06
     5.500     505.197     252.450    1.45e+19    1.16e+03         330      0.0394        0.32       0.129         1.7    2.09e+05      0.0003    0.000108     2.3e-05    0.000175    0.000104     4.4e-08    7.41e-08    0.000209     1.7e-06       3e-06       1e-08    0.000552    8.72e-05    7.21e-06    7.81e+05     0.00016    0.000601    0.000171    3.59e-05     0.00192       1e-14    5.95e-06
     5.600     498.418     251.800   1.435e+19    1.11e+03         330      0.0397        0.32       0.129         1.7    2.09e+05      0.0003    0.000105     2.3e-05    0.000169    0.000106     4.4e-08    7.76e-08    0.000203     1.7e-06       3e-06       1e-08    0.000551    8.46e-05    7.06e-06    7.81e+05     0.00016    0.000601     0.00017    3.51e-05     0.00192       1e-14    5.64e-06
     5.700      491.73     251.150   1.419e+19    1.07e+03         330      0.0401        0.32       0.129         1.7    2.09e+05      0.0003    0.000103     2.3e-05    0.000163    0.000107     4.4e-08    8.11e-08    0.000197     1.7e-06       3e-06       1e-08     0.00055    8.21e-05     6.9e-06    7.81e+05     0.00016    0.000601    0.000169    3.43e-05     0.00192       1e-14    5.33e-06
     5.800     485.132     250.500   1.403e+19    1.02e+03         330      0.0404        0.32       0.129         1.7    2.09e+05      0.0003    0.000101     2.3e-05    0.000158    0.000108     4.4e-08    8.47e-08    0.000191     1.7e-06       3e-06       1e-08    0.000549    7.95e-05    6.74e-06    7.81e+05     0.00016      0.0006    0.000168    3.35e-05     0.00191       1e-14    5.02e-06
     5.900     478.622     249.850   1.388e+19         972         330      0.0408        0.32       0.129         1.7    2.09e+05      0.0003    9.92e-05     2.3e-05    0.000152     0.00011     4.4e-08    8.82e-08    0.000185     1.7e-06       3e-06       1e-08    0.000549     7.7e-05    6.58e-06    7.81e+05     0.00016      0.0006    0.000167    3.27e-05     0.00191       1e-14    4.71e-06
     6.000       472.2     249.200   1.373e+19         925         330      0.0411        0.32       0.129         1.7    2.09e+05      0.0003    9.71e-05     2.3e-05    0.000146    0.000111     4.4e-08    9.18e-08    0.000179     1.7e-06       3e-06       1e-08    0.000548    7.44e-05    6.42e-06    7.81e+05     0.00016      0.0006    0.000166    3.19e-05      0.0019       1e-14     4.4e-06
     6.100     465.702     248.550   1.358e+19         890         330       0.042        0.32       0.129         1.7    2.09e+05      0.0003    9.57e-05     2.3e-05    0.000141    0.000112     4.4e-08    9.79e-08    0.000174     1.7e-06       3e-06       1e-08    0.000547     7.3e-05    6.32e-06    7.81e+05     0.00016      0.0006    0.000164    3.15e-05     0.00189       1e-14    4.22e-06
     6.200     459.293     247.900   1.343e+19         854         330      0.0429        0.32       0.128         1.7    2.09e+05      0.0003    9.43e-05     2.3e-05    0.000137    0.000114     4.4e-08    1.04e-07     0.00017     1.7e-06       3e-06       1e-08    0.000546    7.16e-05    6.22e-06    7.81e+05     0.00016      0.0006    0.000163    3.11e-05     0.00189       1e-14    4.04e-06
     6.300     452.973     247.250   1.328e+19         819         330      0.0438        0.32       0.128         1.7    2.09e+05      0.0003    9.29e-05     2.3e-05    0.000132    0.000116     4.4e-08     1.1e-07    0.000165     1.7e-06       3e-06       1e-08    0.000546    7.02e-05    6.12e-06    7.81e+05     0.00016      0.0006    0.000161    3.07e-05     0.00188       1e-14    3.86e-06
     6.400      446.74     246.600   1.313e+19         784         330      0.0447        0.32       0.127         1.7    2.09e+05      0.0003    9.15e-05     2.3e-05    0.000127    0.000117     4.4e-08    1.16e-07     0.00016     1.7e-06       3e-06       1e-08    0.000545    6.88e-05    6.02e-06    7.81e+05     0.00016      0.0006    0.000159    3.03e-05     0.00188       1e-14    3.68e-06
     6.500     440.592     245.950   1.298e+19         748         330      0.0456        0.32       0.127         1.7    2.09e+05      0.0003       9e-05     2.3e-05    0.000122    0.000119    4.41e-08    1.22e-07    0.000155     1.7e-06       3e-06       1e-08    0.000544    6.74e-05    5.92e-06    7.81e+05     0.00016      0.0006    0.000157       3e-05     0.00187       1e-14     3.5e-06
     6.600     434.529     245.300   1.284e+19         713         330      0.0465        0.32       0.127         1.7    2.09e+05      0.0003    8.86e-05     2.3e-05    0.000118     0.00012    4.41e-08    1.29e-07    0.000151     1.7e-06       3e-06       1e-08    0.000543     6.6e-05    5.82e-06    7.81e+05     0.00016      0.0006    0.000156    2.96e-05     0.00187       1e-14    3.32e-06
     6.700      428.55     244.650    1.27e+19         678         330      0.0474        0.32       0.126         1.7    2.09e+05      0.0003    8.72e-05     2.3e-05    0.000113    0.000121    4.41e-08    1.35e-07    0.000146     1.7e-06       3e-06       1e-08    0.000542    6.46e-05    5.72e-06    7.81e+05     0.00016      0.0006    0.000154    2.92e-05     0.00187       1e-14    3.14e-06
     6.800     422.652     244.000   1.256e+19         643         330      0.0483        0.32       0.126         1.7    2.09e+05      0.0003    8.58e-05     2.3e-05    0.000108    0.000123    4.41e-08    1.41e-07    0.000141     1.7e-06       3e-06       1e-08    0.000542    6.32e-05    5.62e-06    7.81e+05     0.00016      0.0006    0.000152    2.88e-05     0.00186       1e-14    2.96e-06
     6.900     416.836     243.350   1.242e+19         607         330      0.0492        0.32       0.125         1.7    2.09e+05      0.0003    8.44e-05     2.3e-05    0.000104    0.000124    4.41e-08    1.47e-07    0.000137     1.7e-06       3e-06       1e-08    0.000541    6.18e-05    5.52e-06    7.81e+05     0.00016      0.0006    0.000151    2.84e-05     0.00185       1e-14    2.78e-06
     7.000       411.1     242.700   1.228e+19         572         330      0.0501        0.32       0.125         1.7    2.09e+05      0.0003     8.3e-05     2.3e-05    9.88e-05    0.000126    4.41e-08    1.53e-07    0.000132     1.7e-06       3e-06       1e-08     0.00054    6.04e-05    5.42e-06    7.81e+05     0.00016      0.0006    0.000149     2.8e-05     0.00185       1e-14     2.6e-06
     7.100     405.283     242.050   1.214e+19         551         330       0.051        0.32       0.124         1.7    2.09e+05      0.0003    8.19e-05     2.3e-05    9.54e-05    0.000127    4.41e-08    1.62e-07    0.000129     1.7e-06       3e-06       1e-08    0.000539    5.94e-05    5.35e-06    7.81e+05     0.00016      0.0006    0.000146    2.77e-05     0.00184       1e-14     2.5e-06
     7.200     399.549     241.400     1.2e+19         531         330       0.052        0.32       0.124         1.7    2.09e+05      0.0003    8.08e-05     2.3e-05     9.2e-05    0.000129    4.42e-08    1.71e-07    0.000126     1.7e-06       3e-06       1e-08    0.000538    5.83e-05    5.28e-06    7.81e+05     0.00016      0.0006    0.000144    2.75e-05     0.00184       1e-14     2.4e-06
     7.300     393.896     240.750   1.186e+19         510         330       0.053        0.32       0.123         1.7    2.09e+05      0.0003    7.97e-05     2.3e-05    8.86e-05     0.00013    4.42e-08    1.79e-07    0.000122     1.7e-06       3e-06       1e-08    0.000538    5.73e-05     5.2e-06    7.81e+05     0.00016    0.000599    0.000141    2.72e-05     0.00183       1e-14     2.3e-06
     7.400     388.322     240.100   1.173e+19         490         330      0.0539        0.32       0.123         1.7    2.09e+05      0.0003    7.86e-05     2.3e-05    8.52e-05    0.000131    4.43e-08    1.88e-07    0.000119     1.7e-06       3e-06       1e-08    0.000537    5.63e-05    5.13e-06    7.81e+05     0.00016    0.000599    0.000139     2.7e-05     0.00183       1e-14     2.2e-06
     7.500     382.828     239.450   1.159e+19         469         330      0.0549        0.32       0.122         1.7    2.09e+05      0.0003    7.75e-05     2.3e-05    8.18e-05    0.000132    4.43e-08    1.97e-07    0.000116     1.7e-06       3e-06    1.01e-08    0.000536    5.52e-05    5.06e-06    7.81e+05     0.00016    0.000599    0.000136    2.67e-05     0.00182       1e-14     2.1e-06
     7.600     377.411     238.800   1.146e+19         449         330      0.0558        0.32       0.121         1.7    2.09e+05      0.0003    7.65e-05     2.3e-05    7.84e-05    0.000134    4.43e-08    2.06e-07    0.000113     1.7e-06       3e-06    1.01e-08    0.000535    5.42e-05    4.99e-06    7.81e+05     0.00016    0.000599    0.000133    2.65e-05     0.00181       1e-14       2e-06
     7.700     372.071     238.150   1.133e+19         428         330      0.0568        0.32       0.121         1.7    2.09e+05      0.0003    7.54e-05     2.3e-05     7.5e-05    0.000135    4.44e-08    2.15e-07    0.000109     1.7e-06       3e-06    1.01e-08    0.000534    5.32e-05    4.92e-06    7.81e+05     0.00016    0.000599    0.000131    2.62e-05     0.00181       1e-14     1.9e-06
     7.800     366.807     237.500    1.12e+19         408         330      0.0577        0.32        0.12         1.7    2.09e+05      0.0003    7.43e-05     2.3e-05    7.16e-05    0.000136    4.44e-08    2.23e-07    0.000106     1.7e-06       3e-06    1.01e-08    0.000534    5.22e-05    4.84e-06    7.81e+05     0.00016    0.000598    0.000128     2.6e-05      0.0018       1e-14     1.8e-06
     7.900     361.617     236.850   1.107e+19         387         330      0.0587        0.32        0.12         1.7    2.09e+05      0.0003    7.32e-05     2.3e-05    6.82e-05    0.000138    4.45e-08    2.32e-07    0.000103     1.7e-06       3e-06    1.01e-08    0.000533    5.11e-05    4.77e-06    7.81e+05     0.00016    0.000598    0.000126    2.57e-05      0.0018       1e-14     1.7e-06
     8.000       356.5     236.200   1.094e+19         367         330      0.0597        0.32       0.119         1.7    2.09e+05      0.0003    7.21e-05     2.3e-05    6.48e-05    0.000139    4.45e-08    2.41e-07    9.96e-05     1.7e-06       3e-06    1.01e-08    0.000532    5.01e-05     4.7e-06    7.81e+05     0.00016    0.000598    0.000123    2.55e-05     0.00179       1e-14     1.6e-06
     8.100     351.325     235.550   1.081e+19         346         330      0.0629        0.32       0.118         1.7    2.09e+05      0.0003    7.14e-05     2.3e-05    6.21e-05     0.00014    4.46e-08    2.57e-07    9.71e-05     1.7e-06       3e-06    1.01e-08    0.000531    4.93e-05    4.67e-06    7.81e+05     0.00016    0.000598     0.00012    2.53e-05     0.00178       1e-14    1.52e-06
     8.200     346.224     234.900   1.068e+19         325         330      0.0661        0.32       0.117         1.7    2.09e+05      0.0003    7.08e-05     2.3e-05    5.94e-05    0.000142    4.47e-08    2.74e-07    9.46e-05     1.7e-06       3e-06    1.02e-08    0.000531    4.85e-05    4.64e-06    7.81e+05     0.00016    0.000597    0.000117    2.52e-05     0.00178       1e-14    1.44e-06
     8.300     341.198     234.250   1.056e+19         304         330      0.0693        0.32       0.116         1.7    2.09e+05      0.0003    7.01e-05    2.31e-05    5.67e-05    0.000143    4.48e-08     2.9e-07    9.22e-05     1.7e-06       3e-06    1.02e-08     0.00053    4.77e-05    4.61e-06    7.81e+05     0.00016    0.000597    0.000113     2.5e-05     0.00177       1e-14    1.37e-06
     8.400     336.245     233.600   1.043e+19         283         330      0.0725        0.32       0.115         1.7    2.09e+05      0.0003    6.95e-05    2.31e-05     5.4e-05    0.000145    4.49e-08    3.06e-07    8.97e-05     1.7e-06       3e-06    1.03e-08    0.000529    4.69e-05    4.58e-06    7.81e+05     0.00016    0.000596     0.00011    2.49e-05     0.00176       1e-14    1.29e-06
     8.500     331.364     232.950   1.031e+19         262         330      0.0757       0.319       0.114        1.69    2.09e+05      0.0003    6.88e-05    2.31e-05    5.12e-05    0.000146     4.5e-08    3.22e-07    8.72e-05     1.7e-06       3e-06    1.03e-08    0.000528    4.62e-05    4.55e-06    7.81e+05     0.00016    0.000596    0.000107    2.47e-05     0.00176       1e-14    1.21e-06
     8.600     326.553     232.300   1.019e+19         242         330      0.0789       0.319       0.113        1.69    2.09e+05      0.0003    6.82e-05    2.31e-05    4.85e-05    0.000147    4.52e-08    3.39e-07    8.47e-05     1.7e-06       3e-06    1.03e-08    0.000528    4.54e-05    4.53e-06    7.81e+05     0.00016    0.000596    0.000104    2.46e-05     0.00175       1e-14    1.13e-06
     8.700     321.813     231.650   1.007e+19         221         330      0.0821       0.319       0.112        1.69    2.09e+05      0.0003    6.75e-05    2.31e-05    4.58e-05    0.000149    4.53e-08    3.55e-07    8.22e-05     1.7e-06       3e-06    1.04e-08    0.000527    4.46e-05     4.5e-06    7.81e+05     0.00016    0.000595    0.000101    2.44e-05     0.00174       1e-14    1.05e-06
     8.800     317.141     231.000   9.952e+18         200         330      0.0853       0.319       0.111        1.69    2.09e+05      0.0003    6.69e-05    2.32e-05    4.31e-05     0.00015    4.54e-08    3.71e-07    7.98e-05     1.7e-06       3e-06    1.04e-08    0.000526    4.38e-05    4.47e-06    7.81e+05     0.00016    0.000595    9.73e-05    2.43e-05     0.00173       1e-14    9.76e-07
     8.900     312.537     230.350   9.835e+18         179         330      0.0885       0.319        0.11        1.69    2.09e+05      0.0003    6.62e-05    2.32e-05    4.04e-05    0.000152    4.55e-08    3.88e-07    7.73e-05     1.7e-06       3e-06    1.05e-08    0.000526     4.3e-05    4.44e-06    7.81e+05     0.00016    0.000594    9.41e-05    2.41e-05     0.00173       1e-14    8.98e-07
     9.000         308     229.700   9.719e+18         158         330      0.0917       0.319       0.109        1.69    2.09e+05      0.0003    6.56e-05    2.32e-05    3.77e-05    0.000153    4.56e-08    4.04e-07    7.48e-05     1.7e-06       3e-06    1.05e-08    0.000525    4.22e-05    4.41e-06    7.81e+05     0.00016    0.000594    9.09e-05     2.4e-05     0.00172       1e-14     8.2e-07
     9.100     303.403     229.060   9.601e+18         149         330      0.0956       0.319       0.108        1.69    2.09e+05      0.0003    6.51e-05    2.33e-05     3.6e-05    0.000155    4.57e-08    4.29e-07     7.3e-05     1.7e-06       3e-06    1.07e-08    0.000524    4.16e-05     4.4e-06    7.81e+05     0.00016    0.000593    8.76e-05    2.39e-05     0.00171       1e-14    7.92e-07
     9.200     298.875     228.420   9.485e+18         140         330      0.0995       0.319       0.107        1.69    2.09e+05      0.0003    6.46e-05    2.33e-05    3.42e-05    0.000157    4.58e-08    4.55e-07    7.12e-05     1.7e-06       3e-06    1.08e-08    0.000524     4.1e-05     4.4e-06    7.81e+05     0.00016    0.000593    8.43e-05    2.37e-05     0.00169       1e-14    7.64e-07
     9.300     294.415     227.780   9.369e+18         132         330       0.103       0.319       0.106        1.69    2.09e+05      0.0003    6.42e-05    2.34e-05    3.25e-05    0.000159     4.6e-08     4.8e-07    6.94e-05     1.7e-06       3e-06     1.1e-08    0.000523    4.04e-05    4.39e-06    7.81e+05     0.00016    0.000592     8.1e-05    2.36e-05     0.00168       1e-14    7.36e-07
     9.400     290.021     227.140   9.256e+18         123         330       0.107       0.319       0.105        1.69    2.09e+05      0.0003    6.37e-05    2.34e-05    3.07e-05    0.000161    4.61e-08    5.05e-07    6.76e-05     1.7e-06       3e-06    1.11e-08    0.000522    3.98e-05    4.38e-06    7.81e+05     0.00016    0.000592    7.77e-05    2.35e-05     0.00166       1e-14    7.08e-07
     9.500     285.692     226.500   9.143e+18         114         330       0.111       0.319       0.104        1.69    2.09e+05      0.0003    6.32e-05    2.35e-05     2.9e-05    0.000163    4.62e-08     5.3e-07    6.58e-05     1.7e-06       3e-06    1.13e-08    0.000522    3.93e-05    4.37e-06    7.81e+05     0.00016    0.000591    7.44e-05    2.33e-05     0.00165       1e-14     6.8e-07
     9.600     281.428     225.860   9.033e+18         105         330       0.115       0.318       0.103        1.68    2.09e+05      0.0003    6.27e-05    2.36e-05    2.73e-05    0.000166    4.63e-08    5.56e-07     6.4e-05     1.7e-06       3e-06    1.15e-08    0.000521    3.87e-05    4.37e-06    7.81e+05     0.00016     0.00059    7.11e-05    2.32e-05     0.00164       1e-14    6.52e-07
     9.700     277.228     225.220   8.923e+18        96.4         330       0.119       0.318       0.102        1.68    2.09e+05      0.0003    6.22e-05    2.36e-05    2.55e-05    0.000168    4.64e-08    5.81e-07    6.22e-05     1.7e-06       3e-06    1.16e-08     0.00052    3.81e-05    4.36e-06    7.81e+05     0.00016     0.00059    6.78e-05    2.31e-05     0.00162       1e-14    6.24e-07
     9.800     273.091     224.580   8.815e+18        87.6         330       0.123       0.318       0.101        1.68    2.09e+05      0.0003    6.18e-05    2.37e-05    2.38e-05     0.00017    4.66e-08    6.06e-07    6.04e-05     1.7e-06       3e-06    1.18e-08    0.000519    3.75e-05    4.35e-06    7.81e+05     0.00016    0.000589    6.45e-05     2.3e-05     0.00161       1e-14    5.96e-07
     9.900     269.015     223.940   8.708e+18        78.8         330       0.127       0.318       0.101        1.68    2.09e+05      0.0003    6.13e-05    2.37e-05     2.2e-05    0.000172    4.67e-08    6.32e-07    5.86e-05     1.7e-06       3e-06    1.19e-08    0.000519    3.69e-05    4.35e-06    7.81e+05     0.00016    0.000589    6.12e-05    2.28e-05     0.00159       1e-14    5.68e-07
    10.000         265     223.300   8.602e+18          70         330       0.131       0.318      0.0996        1.68    2.09e+05      0.0003    6.08e-05    2.38e-05    2.03e-05    0.000174    4.68e-08    6.57e-07    5.68e-05     1.7e-06       3e-06    1.21e-08    0.000518    3.63e-05    4.34e-06    7.81e+05     0.00016    0.000588    5.79e-05    2.27e-05     0.00158       1e-14     5.4e-07
    10.100      260.93     222.650   8.495e+18        66.6         330       0.139       0.318      0.0986        1.68    2.09e+05      0.0003    6.05e-05     2.4e-05    1.94e-05    0.000177    4.69e-08    7.11e-07    5.57e-05     1.7e-06       3e-06    1.28e-08    0.000517    3.61e-05    4.37e-06    7.81e+05     0.00016    0.000587    5.55e-05    2.25e-05     0.00155       1e-14    5.29e-07
    10.200     256.922     222.000   8.389e+18        63.2         330       0.148       0.317      0.0976        1.68    2.09e+05      0.0003    6.02e-05    2.43e-05    1.84e-05     0.00018     4.7e-08    7.66e-07    5.46e-05     1.7e-06       3e-06    1.34e-08    0.000516    3.59e-05     4.4e-06    7.81e+05     0.00016    0.000586    5.32e-05    2.23e-05     0.00152       1e-14    5.18e-07
    10.300     252.976     221.350   8.285e+18        59.8         330       0.156       0.317      0.0966        1.68    2.09e+05      0.0003    5.99e-05    2.45e-05    1.75e-05    0.000182    4.72e-08     8.2e-07    5.35e-05     1.7e-06       3e-06    1.41e-08    0.000515    3.57e-05    4.43e-06    7.81e+05     0.00016    0.000585    5.08e-05    2.21e-05      0.0015       1e-14    5.07e-07
    10.400     249.091     220.700   8.182e+18        56.4         330       0.165       0.316      0.0956        1.68    2.09e+05      0.0003    5.96e-05    2.48e-05    1.65e-05    0.000185    4.73e-08    8.74e-07    5.24e-05     1.7e-06       3e-06    1.47e-08    0.000514    3.55e-05    4.46e-06    7.81e+05     0.00016    0.000584    4.85e-05    2.19e-05     0.00147       1e-14    4.96e-07
    10.500     245.265     220.050    8.08e+18          53         330       0.173       0.316      0.0946        1.67    2.09e+05      0.0003    5.93e-05     2.5e-05    1.56e-05    0.000188    4.74e-08    9.28e-07    5.13e-05     1.7e-06       3e-06    1.54e-08    0.000514    3.53e-05     4.5e-06    7.81e+05     0.00016    0.000583    4.61e-05    2.18e-05     0.00144       1e-14    4.85e-07
    10.600     241.498     219.400   7.979e+18        49.7         330       0.181       0.316      0.0936        1.67    2.09e+05      0.0003    5.91e-05    2.52e-05    1.47e-05    0.000191    4.75e-08    9.83e-07    5.03e-05     1.7e-06       3e-06    1.61e-08    0.000513    3.51e-05    4.53e-06    7.81e+05     0.00016    0.000583    4.37e-05    2.16e-05     0.00141       1e-14    4.74e-07
    10.700     237.789     218.750    7.88e+18        46.3         330        0.19       0.315      0.0926        1.67    2.09e+05      0.0003    5.88e-05    2.55e-05    1.37e-05    0.000194    4.76e-08    1.04e-06    4.92e-05     1.7e-06       3e-06    1.67e-08    0.000512    3.49e-05    4.56e-06    7.81e+05     0.00016    0.000582    4.14e-05    2.14e-05     0.00138       1e-14    4.63e-07
    10.800     234.137     218.100   7.782e+18        42.9         330       0.198       0.315      0.0916        1.67    2.09e+05      0.0003    5.85e-05    2.57e-05    1.28e-05    0.000196    4.78e-08    1.09e-06    4.81e-05     1.7e-06       3e-06    1.74e-08    0.000511    3.47e-05    4.59e-06    7.81e+05     0.00016    0.000581     3.9e-05    2.12e-05     0.00136       1e-14    4.52e-07
    10.900     230.541     217.450   7.685e+18        39.5         330       0.207       0.314      0.0906        1.67    2.09e+05      0.0003    5.82e-05     2.6e-05    1.18e-05    0.000199    4.79e-08    1.15e-06     4.7e-05     1.7e-06       3e-06     1.8e-08     0.00051    3.45e-05    4.62e-06    7.81e+05     0.00016     0.00058    3.67e-05     2.1e-05     0.00133       1e-14    4.41e-07
    11.000         227     216.800   7.589e+18        36.1         330       0.215       0.314      0.0896        1.67    2.09e+05      0.0003    5.79e-05    2.62e-05    1.09e-05    0.000202     4.8e-08     1.2e-06    4.59e-05     1.7e-06       3e-06    1.87e-08    0.000509    3.43e-05    4.65e-06    7.81e+05     0.00016    0.000579    3.43e-05    2.08e-05      0.0013       1e-14     4.3e-07
    11.100     223.462     216.790   7.471e+18        34.4         330       0.225       0.314      0.0885        1.67    2.09e+05      0.0003    5.77e-05    2.67e-05    1.04e-05    0.000206    4.81e-08    1.28e-06    4.57e-05     1.7e-06       3e-06       2e-08    0.000508    3.43e-05    4.69e-06    7.81e+05     0.00016    0.000578    3.28e-05    2.05e-05     0.00127       1e-14    4.21e-07
    11.200     219.979     216.780   7.355e+18        32.7         330       0.234       0.313      0.0873        1.67    2.09e+05      0.0003    5.75e-05    2.73e-05    9.98e-06     0.00021    4.83e-08    1.35e-06    4.54e-05     1.7e-06       3e-06    2.13e-08    0.000507    3.42e-05    4.72e-06    7.81e+05     0.00016    0.000576    3.13e-05    2.02e-05     0.00124       1e-14    4.12e-07
    11.300      216.55     216.770   7.241e+18          31         330       0.244       0.313      0.0862        1.67    2.09e+05      0.0003    5.73e-05    2.78e-05    9.52e-06    0.000214    4.84e-08    1.43e-06    4.52e-05     1.7e-06       3e-06    2.26e-08    0.000506    3.42e-05    4.76e-06    7.81e+05     0.00016    0.000575    2.99e-05    1.98e-05     0.00121       1e-14    4.03e-07
    11.400     213.175     216.760   7.128e+18        29.3         330       0.253       0.312       0.085        1.67    2.09e+05      0.0003    5.71e-05    2.83e-05    9.06e-06    0.000218    4.86e-08     1.5e-06     4.5e-05     1.7e-06       3e-06    2.39e-08    0.000505    3.41e-05    4.79e-06    7.81e+05     0.00016    0.000574    2.84e-05    1.95e-05     0.00117       1e-14    3.94e-07
    11.500     209.852     216.750   7.017e+18        27.6         330       0.263       0.312      0.0839        1.67    2.09e+05      0.0003     5.7e-05    2.88e-05     8.6e-06    0.000222    4.87e-08    1.58e-06    4.47e-05     1.7e-06       3e-06    2.52e-08    0.000504    3.41e-05    4.83e-06    7.81e+05     0.00016    0.000572    2.69e-05    1.92e-05     0.00114       1e-14    3.85e-07
    11.600     206.581     216.740   6.908e+18        25.9         330       0.272       0.312      0.0827        1.66    2.09e+05      0.0003    5.68e-05    2.94e-05    8.14e-06    0.000225    4.88e-08    1.66e-06    4.45e-05     1.7e-06       3e-06    2.66e-08    0.000502    3.41e-05    4.87e-06    7.81e+05     0.00016    0.000571    2.54e-05    1.89e-05     0.00111       1e-14    3.76e-07
    11.700     203.362     216.730   6.801e+18        24.2         330       0.282       0.311      0.0816        1.66    2.09e+05      0.0003    5.66e-05    2.99e-05    7.68e-06    0.000229     4.9e-08    1.73e-06    4.43e-05     1.7e-06       3e-06    2.79e-08    0.000501     3.4e-05     4.9e-06    7.81e+05     0.00016     0.00057    2.39e-05    1.86e-05     0.00108       1e-14    3.67e-07
    11.800     200.192     216.720   6.695e+18        22.5         330       0.291       0.311      0.0804        1.66    2.09e+05      0.0003    5.64e-05    3.04e-05    7.22e-06    0.000233    4.91e-08    1.81e-06    4.41e-05     1.7e-06       3e-06    2.92e-08      0.0005     3.4e-05    4.94e-06    7.81e+05     0.00016    0.000569    2.25e-05    1.82e-05     0.00105       1e-14    3.58e-07
    11.900     197.072     216.710   6.591e+18        20.8         330       0.301        0.31      0.0793        1.66    2.09e+05      0.0003    5.62e-05     3.1e-05    6.76e-06    0.000237    4.93e-08    1.88e-06    4.38e-05     1.7e-06       3e-06    3.05e-08    0.000499    3.39e-05    4.97e-06    7.81e+05     0.00016    0.000567     2.1e-05    1.79e-05     0.00102       1e-14    3.49e-07
    12.000         194     216.700   6.489e+18        19.1         330        0.31        0.31      0.0781        1.66    2.09e+05      0.0003     5.6e-05    3.15e-05     6.3e-06    0.000241    4.94e-08    1.96e-06    4.36e-05     1.7e-06       3e-06    3.18e-08    0.000498    3.39e-05    5.01e-06    7.81e+05     0.00016    0.000566    1.95e-05    1.76e-05    0.000986       1e-14     3.4e-07
    12.100     190.977     216.700   6.388e+18        18.3         330       0.318       0.309      0.0767        1.66    2.09e+05      0.0003     5.6e-05    3.28e-05    5.98e-06    0.000245    4.96e-08    2.08e-06    4.58e-05     1.7e-06       3e-06    3.42e-08    0.000496     3.4e-05    5.03e-06    7.81e+05     0.00016    0.000564    1.86e-05    1.71e-05     0.00096       1e-14    3.33e-07
    12.200         188     216.700   6.288e+18        17.5         330       0.325       0.309      0.0753        1.66    2.09e+05      0.0003     5.6e-05    3.41e-05    5.66e-06    0.000248    4.99e-08    2.19e-06    4.79e-05     1.7e-06       3e-06    3.67e-08    0.000495    3.41e-05    5.05e-06    7.81e+05     0.00016    0.000562    1.78e-05    1.65e-05    0.000933       1e-14    3.26e-07
    12.300      185.07     216.700    6.19e+18        16.6         330       0.333       0.308      0.0738        1.65    2.09e+05      0.0003     5.6e-05    3.54e-05    5.35e-06    0.000251    5.01e-08    2.31e-06    5.01e-05     1.7e-06       3e-06    3.91e-08    0.000493    3.42e-05    5.07e-06    7.81e+05     0.00016    0.000561    1.69e-05     1.6e-05    0.000907       1e-14    3.19e-07
    12.400     182.186     216.700   6.094e+18        15.8         330        0.34       0.308      0.0724        1.65    2.09e+05      0.0003     5.6e-05    3.67e-05    5.03e-06    0.000255    5.04e-08    2.42e-06    5.22e-05     1.7e-06       3e-06    4.15e-08    0.000492    3.43e-05    5.09e-06    7.81e+05     0.00016    0.000559     1.6e-05    1.55e-05     0.00088       1e-14    3.12e-07
    12.500     179.347     216.700   5.999e+18          15         330       0.348       0.307      0.0709        1.65    2.09e+05    0.000299    5.59e-05     3.8e-05    4.71e-06    0.000258    5.06e-08    2.54e-06    5.43e-05     1.7e-06       3e-06    4.39e-08     0.00049    3.44e-05    5.12e-06    7.81e+05     0.00016    0.000557    1.51e-05    1.49e-05    0.000854       1e-14    3.05e-07
    12.600     176.551     216.700   5.906e+18        14.2         330       0.355       0.307      0.0695        1.65    2.09e+05    0.000299    5.59e-05    3.93e-05    4.39e-06    0.000262    5.09e-08    2.66e-06    5.65e-05     1.7e-06       3e-06    4.64e-08    0.000488    3.46e-05    5.14e-06    7.81e+05    0.000159    0.000555    1.43e-05    1.44e-05    0.000828       1e-14    2.98e-07
    12.700       173.8     216.700   5.814e+18        13.4         330       0.363       0.306      0.0681        1.65    2.09e+05    0.000299    5.59e-05    4.06e-05    4.07e-06    0.000266    5.11e-08    2.77e-06    5.87e-05     1.7e-06       3e-06    4.88e-08    0.000487    3.47e-05    5.16e-06    7.81e+05    0.000159    0.000553    1.34e-05    1.39e-05    0.000801       1e-14    2.91e-07
    12.800     171.091     216.700   5.723e+18        12.5         330        0.37       0.306      0.0666        1.64    2.09e+05    0.000299    5.59e-05    4.19e-05    3.76e-06    0.000269    5.14e-08    2.89e-06    6.08e-05     1.7e-06       3e-06    5.12e-08    0.000485    3.48e-05    5.18e-06    7.81e+05    0.000159    0.000552    1.25e-05    1.34e-05    0.000775       1e-14    2.84e-07
    12.900     168.425     216.700   5.634e+18        11.7         330       0.378       0.305      0.0652        1.64    2.09e+05    0.000299    5.59e-05    4.32e-05    3.44e-06    0.000272    5.17e-08       3e-06     6.3e-05     1.7e-06       3e-06    5.37e-08    0.000484    3.49e-05     5.2e-06    7.81e+05    0.000159     0.00055    1.17e-05    1.28e-05    0.000748       1e-14    2.77e-07
    13.000       165.8     216.700   5.546e+18        10.9         330       0.385       0.305      0.0637        1.64    2.09e+05    0.000299    5.59e-05    4.45e-05    3.12e-06    0.000276    5.19e-08    3.12e-06    6.51e-05     1.7e-06       3e-06    5.61e-08    0.000482     3.5e-05    5.22e-06    7.81e+05    0.000159    0.000548    1.08e-05    1.23e-05    0.000722       1e-14     2.7e-07
    13.100     163.216     216.700   5.459e+18        10.4         330       0.397       0.304      0.0624        1.64    2.09e+05    0.000299    5.59e-05    4.75e-05    2.92e-06    0.000282    5.24e-08    3.27e-06    6.87e-05     1.7e-06       3e-06    6.05e-08     0.00048    3.51e-05    5.26e-06    7.81e+05    0.000159    0.000546    1.04e-05    1.18e-05    0.000699       1e-14    2.64e-07
    13.200     160.673     216.700   5.374e+18        9.91         330       0.409       0.304       0.061        1.64    2.09e+05    0.000298     5.6e-05    5.06e-05    2.72e-06    0.000287    5.28e-08    3.42e-06    7.23e-05     1.7e-06       3e-06    6.49e-08    0.000478    3.52e-05     5.3e-06    7.81e+05    0.000159    0.000544    9.96e-06    1.13e-05    0.000677       1e-14    2.58e-07
    13.300     158.169     216.700    5.29e+18        9.41         330        0.42       0.303      0.0597        1.64    2.09e+05    0.000298     5.6e-05    5.36e-05    2.52e-06    0.000293    5.33e-08    3.57e-06    7.59e-05     1.7e-06       3e-06    6.92e-08    0.000475    3.54e-05    5.33e-06    7.81e+05    0.000158    0.000542    9.54e-06    1.08e-05    0.000654       1e-14    2.52e-07
    13.400     155.704     216.700   5.208e+18        8.91         330       0.432       0.303      0.0583        1.64    2.09e+05    0.000297    5.61e-05    5.66e-05    2.32e-06    0.000299    5.37e-08    3.72e-06    7.95e-05     1.7e-06       3e-06    7.36e-08    0.000473    3.55e-05    5.37e-06    7.81e+05    0.000158     0.00054    9.12e-06    1.03e-05    0.000632       1e-14    2.46e-07
    13.500     153.277     216.700   5.127e+18        8.41         330       0.444       0.302       0.057        1.63    2.09e+05    0.000297    5.61e-05    5.96e-05    2.12e-06    0.000304    5.42e-08    3.87e-06     8.3e-05     1.7e-06       3e-06     7.8e-08    0.000471    3.56e-05    5.41e-06    7.81e+05    0.000158    0.000538     8.7e-06    9.81e-06    0.000609       1e-14     2.4e-07
    13.600     150.888     216.700   5.047e+18        7.92         330       0.456       0.302      0.0556        1.63    2.09e+05    0.000297    5.62e-05    6.27e-05    1.91e-06     0.00031    5.47e-08    4.02e-06    8.66e-05     1.7e-06       3e-06    8.24e-08    0.000469    3.57e-05    5.45e-06    7.81e+05    0.000158    0.000536    8.27e-06    9.31e-06    0.000586       1e-14    2.34e-07
    13.700     148.537     216.700   4.968e+18        7.42         330       0.468       0.301      0.0543        1.63    2.09e+05    0.000296    5.62e-05    6.57e-05    1.71e-06    0.000316    5.51e-08    4.17e-06    9.02e-05     1.7e-06       3e-06    8.68e-08    0.000467    3.58e-05    5.49e-06    7.81e+05    0.000158    0.000534    7.85e-06    8.81e-06    0.000564       1e-14    2.28e-07
    13.800     146.222     216.700    4.89e+18        6.92         330       0.479       0.301      0.0529        1.63    2.09e+05    0.000296    5.63e-05    6.87e-05    1.51e-06    0.000322    5.56e-08    4.32e-06    9.38e-05     1.7e-06       3e-06    9.11e-08    0.000464     3.6e-05    5.52e-06    7.81e+05    0.000157    0.000532    7.43e-06    8.32e-06    0.000541       1e-14    2.22e-07
    13.900     143.943     216.700   4.814e+18        6.43         330       0.491         0.3      0.0516        1.63    2.09e+05    0.000295    5.63e-05    7.18e-05    1.31e-06    0.000327     5.6e-08    4.47e-06    9.74e-05     1.7e-06       3e-06    9.55e-08    0.000462    3.61e-05    5.56e-06    7.81e+05    0.000157     0.00053    7.01e-06    7.82e-06    0.000519       1e-14    2.16e-07
    14.000       141.7     216.700   4.739e+18        5.93         330       0.503         0.3      0.0503        1.63    2.09e+05    0.000295    5.64e-05    7.48e-05    1.11e-06    0.000333    5.65e-08    4.62e-06    0.000101     1.7e-06       3e-06    9.99e-08     0.00046    3.62e-05     5.6e-06    7.81e+05    0.000157    0.000528    6.59e-06    7.32e-06    0.000496       1e-14     2.1e-07
    14.100     139.491     216.700   4.665e+18        5.84         330       0.518       0.299      0.0492        1.63    2.09e+05    0.000294    5.65e-05    8.44e-05    1.04e-06    0.000345    5.76e-08    4.87e-06    0.000107     1.7e-06       3e-06    1.08e-07    0.000457    3.62e-05    5.73e-06    7.81e+05    0.000157    0.000526    6.35e-06    7.04e-06     0.00048       1e-14    2.06e-07
    14.200     137.317     216.700   4.592e+18        5.74         330       0.532       0.299      0.0481        1.63    2.09e+05    0.000293    5.66e-05     9.4e-05    9.77e-07    0.000357    5.87e-08    5.11e-06    0.000113     1.7e-06       3e-06    1.16e-07    0.000453    3.62e-05    5.85e-06    7.81e+05    0.000157    0.000523    6.11e-06    6.76e-06    0.000464       1e-14    2.02e-07
    14.300     135.177     216.700   4.521e+18        5.65         330       0.547       0.298       0.047        1.62    2.09e+05    0.000291    5.67e-05    0.000104    9.11e-07    0.000369    5.98e-08    5.36e-06     0.00012     1.7e-06       3e-06    1.23e-07     0.00045    3.62e-05    5.98e-06    7.81e+05    0.000156    0.000521    5.87e-06    6.48e-06    0.000448       1e-14    1.98e-07
    14.400      133.07     216.700    4.45e+18        5.56         330       0.562       0.298      0.0459        1.62    2.09e+05     0.00029    5.68e-05    0.000113    8.45e-07    0.000381    6.09e-08    5.61e-06    0.000126     1.7e-06       3e-06    1.31e-07    0.000446    3.62e-05     6.1e-06    7.81e+05    0.000156    0.000518    5.63e-06     6.2e-06    0.000432       1e-14    1.94e-07
    14.500     130.996     216.700   4.381e+18        5.46         330       0.577       0.297      0.0448        1.62    2.09e+05    0.000289     5.7e-05    0.000123    7.79e-07    0.000392     6.2e-08    5.85e-06    0.000132     1.7e-06       3e-06    1.39e-07    0.000443    3.62e-05    6.23e-06    7.81e+05    0.000156    0.000516    5.39e-06    5.92e-06    0.000416       1e-14     1.9e-07
    14.600     128.954     216.700   4.313e+18        5.37         330       0.591       0.296      0.0437        1.62    2.09e+05    0.000288    5.71e-05    0.000133    7.12e-07    0.000404    6.31e-08     6.1e-06    0.000138     1.7e-06       3e-06    1.47e-07     0.00044    3.62e-05    6.36e-06    7.81e+05    0.000156    0.000513    5.16e-06    5.64e-06    0.000399       1e-14    1.86e-07
    14.700     126.944     216.700   4.245e+18        5.28         330       0.606       0.296      0.0427        1.62    2.09e+05    0.000287    5.72e-05    0.000142    6.46e-07    0.000416    6.42e-08    6.35e-06    0.000144     1.7e-06       3e-06    1.55e-07    0.000436    3.62e-05    6.48e-06    7.81e+05    0.000156     0.00051    4.92e-06    5.36e-06    0.000383       1e-14    1.82e-07
    14.800     124.965     216.700   4.179e+18        5.19         330       0.621       0.295      0.0416        1.61    2.09e+05    0.000285    5.73e-05    0.000152     5.8e-07    0.000428    6.53e-08     6.6e-06    0.000151     1.7e-06       3e-06    1.62e-07    0.000433    3.62e-05    6.61e-06    7.81e+05    0.000155    0.000508    4.68e-06    5.08e-06    0.000367       1e-14    1.78e-07
    14.900     123.017     216.700   4.114e+18        5.09         330       0.635       0.295      0.0405        1.61    2.09e+05    0.000284    5.74e-05    0.000161    5.13e-07     0.00044    6.64e-08    6.84e-06    0.000157     1.7e-06       3e-06     1.7e-07    0.000429    3.62e-05    6.73e-06    7.81e+05    0.000155    0.000505    4.44e-06     4.8e-06    0.000351       1e-14    1.74e-07
    15.000       121.1     216.700    4.05e+18           5         330        0.65       0.294      0.0394        1.61    2.09e+05    0.000283    5.75e-05    0.000171    4.47e-07    0.000452    6.75e-08    7.09e-06    0.000163     1.7e-06       3e-06    1.78e-07    0.000426    3.62e-05    6.86e-06    7.81e+05    0.000155    0.000503     4.2e-06    4.52e-06    0.000335       1e-14     1.7e-07
    15.100     119.213     216.700   3.987e+18        4.89         330       0.672       0.293      0.0385        1.61    2.09e+05    0.000282    5.75e-05    0.000186    4.23e-07    0.000481     6.9e-08    7.43e-06     0.00017     1.7e-06       3e-06    1.92e-07    0.000422    3.62e-05    7.05e-06    7.81e+05    0.000155      0.0005    4.07e-06    4.33e-06    0.000323       1e-14    1.77e-07
    15.200     117.355     216.700   3.925e+18        4.79         330       0.694       0.293      0.0377         1.6    2.09e+05     0.00028    5.75e-05    0.000201       4e-07    0.000509    7.05e-08    7.77e-06    0.000178     1.7e-06       3e-06    2.06e-07    0.000418    3.61e-05    7.24e-06    7.81e+05    0.000154    0.000498    3.95e-06    4.13e-06    0.000311       1e-14    1.84e-07
    15.300     115.527     216.700   3.864e+18        4.68         330       0.716       0.292      0.0368         1.6    2.09e+05    0.000278    5.75e-05    0.000215    3.76e-07    0.000538     7.2e-08    8.11e-06    0.000185     1.7e-06       3e-06    2.19e-07    0.000415    3.61e-05    7.43e-06    7.81e+05    0.000154    0.000495    3.82e-06    3.94e-06    0.000299       1e-14    1.91e-07
    15.400     113.727     216.700   3.804e+18        4.58         330       0.738       0.292      0.0359         1.6    2.09e+05    0.000277    5.75e-05     0.00023    3.53e-07    0.000566    7.35e-08    8.45e-06    0.000193     1.7e-06       3e-06    2.33e-07    0.000411     3.6e-05    7.62e-06    7.81e+05    0.000154    0.000493     3.7e-06    3.75e-06    0.000287       1e-14    1.98e-07
    15.500     111.955     216.700   3.744e+18        4.47         330        0.76       0.291       0.035         1.6    2.09e+05    0.000276    5.75e-05    0.000245    3.29e-07    0.000594     7.5e-08    8.79e-06      0.0002     1.7e-06       3e-06    2.47e-07    0.000407     3.6e-05    7.82e-06    7.81e+05    0.000153     0.00049    3.57e-06    3.55e-06    0.000275       1e-14    2.05e-07
    15.600      110.21     216.700   3.686e+18        4.37         330       0.782        0.29      0.0342        1.59    2.09e+05    0.000274    5.75e-05     0.00026    3.05e-07    0.000623    7.65e-08    9.14e-06    0.000207     1.7e-06       3e-06    2.61e-07    0.000403     3.6e-05    8.01e-06    7.81e+05    0.000153    0.000487    3.44e-06    3.36e-06    0.000262       1e-14    2.12e-07
    15.700     108.493     216.700   3.629e+18        4.26         330       0.804        0.29      0.0333        1.59    2.09e+05    0.000273    5.75e-05    0.000275    2.82e-07    0.000652     7.8e-08    9.48e-06    0.000215     1.7e-06       3e-06    2.75e-07    0.000399    3.59e-05     8.2e-06    7.81e+05    0.000153    0.000485    3.32e-06    3.17e-06     0.00025       1e-14    2.19e-07
    15.800     106.802     216.700   3.572e+18        4.16         330       0.826       0.289      0.0324        1.59    2.09e+05    0.000271    5.75e-05    0.000289    2.58e-07     0.00068    7.95e-08    9.82e-06    0.000222     1.7e-06       3e-06    2.88e-07    0.000396    3.59e-05    8.39e-06    7.81e+05    0.000153    0.000482    3.19e-06    2.98e-06    0.000238       1e-14    2.26e-07
    15.900     105.138     216.700   3.517e+18        4.05         330       0.848       0.289      0.0316        1.58    2.09e+05    0.000269    5.75e-05    0.000304    2.35e-07    0.000709     8.1e-08    1.02e-05     0.00023     1.7e-06       3e-06    3.02e-07    0.000392    3.58e-05    8.58e-06    7.81e+05    0.000152     0.00048    3.07e-06    2.78e-06    0.000226       1e-14    2.33e-07
    16.000       103.5     216.700   3.462e+18        3.95         330        0.87       0.288      0.0307        1.58    2.09e+05    0.000268    5.75e-05    0.000319    2.11e-07    0.000737    8.25e-08    1.05e-05    0.000237     1.7e-06       3e-06    3.16e-07    0.000388    3.58e-05    8.77e-06    7.81e+05    0.000152    0.000477    2.94e-06    2.59e-06    0.000214       1e-14     2.4e-07
    16.100     101.892     216.700   3.408e+18        3.94         330       0.902       0.287      0.0301        1.58    2.09e+05    0.000266    5.71e-05    0.000339    2.01e-07    0.000794    8.47e-08    1.11e-05    0.000245     1.7e-06       3e-06    3.41e-07    0.000384    3.57e-05    9.09e-06    7.81e+05    0.000152    0.000474    2.88e-06    2.49e-06    0.000207       1e-14     2.5e-07
    16.200     100.309     216.700   3.355e+18        3.93         330       0.934       0.286      0.0295        1.57    2.09e+05    0.000265    5.67e-05    0.000359    1.91e-07    0.000852    8.68e-08    1.18e-05    0.000252     1.7e-06       3e-06    3.66e-07     0.00038    3.56e-05    9.42e-06    7.81e+05    0.000151    0.000471    2.81e-06    2.38e-06    0.000201       1e-14     2.6e-07
    16.300     98.7509     216.700   3.303e+18        3.92         330       0.966       0.285      0.0289        1.57    2.09e+05    0.000263    5.64e-05    0.000379    1.81e-07    0.000909     8.9e-08    1.24e-05     0.00026     1.7e-06       3e-06    3.91e-07    0.000376    3.56e-05    9.74e-06    7.81e+05    0.000151    0.000469    2.75e-06    2.28e-06    0.000194       1e-14     2.7e-07
    16.400     97.2168     216.700   3.252e+18        3.91         330       0.998       0.284      0.0284        1.57    2.09e+05    0.000262     5.6e-05    0.000399    1.71e-07    0.000966    9.11e-08    1.31e-05    0.000267     1.7e-06       3e-06    4.16e-07    0.000372    3.55e-05    1.01e-05    7.81e+05    0.000151    0.000466    2.68e-06    2.17e-06    0.000188       1e-14     2.8e-07
    16.500     95.7066     216.700   3.201e+18         3.9         330        1.03       0.283      0.0278        1.56    2.09e+05     0.00026    5.56e-05    0.000419     1.6e-07     0.00102    9.33e-08    1.37e-05    0.000275     1.7e-06       3e-06     4.4e-07    0.000368    3.54e-05    1.04e-05    7.81e+05     0.00015    0.000463    2.62e-06    2.07e-06    0.000181       1e-14     2.9e-07
    16.600     94.2198     216.700   3.151e+18        3.89         330        1.06       0.282      0.0272        1.56    2.09e+05    0.000258    5.52e-05    0.000439     1.5e-07     0.00108    9.54e-08    1.43e-05    0.000283     1.7e-06       3e-06    4.65e-07    0.000364    3.53e-05    1.07e-05    7.81e+05     0.00015     0.00046    2.56e-06    1.97e-06    0.000175       1e-14       3e-07
    16.700     92.7561     216.700   3.102e+18        3.88         330        1.09       0.281      0.0266        1.56    2.09e+05    0.000257    5.48e-05    0.000459     1.4e-07     0.00114    9.76e-08     1.5e-05     0.00029     1.7e-06       3e-06     4.9e-07     0.00036    3.52e-05     1.1e-05    7.81e+05     0.00015    0.000457    2.49e-06    1.86e-06    0.000169       1e-14     3.1e-07
    16.800     91.3151     216.700   3.054e+18        3.87         330        1.13        0.28       0.026        1.56    2.09e+05    0.000255    5.45e-05    0.000479     1.3e-07      0.0012    9.97e-08    1.56e-05    0.000298     1.7e-06       3e-06    5.15e-07    0.000356    3.52e-05    1.14e-05    7.81e+05     0.00015    0.000455    2.43e-06    1.76e-06    0.000162       1e-14     3.2e-07
    16.900     89.8965     216.700   3.007e+18        3.86         330        1.16       0.279      0.0255        1.55    2.09e+05    0.000254    5.41e-05    0.000499     1.2e-07     0.00125    1.02e-07    1.63e-05    0.000305     1.7e-06       3e-06     5.4e-07    0.000352    3.51e-05    1.17e-05    7.81e+05    0.000149    0.000452    2.36e-06    1.65e-06    0.000155       1e-14     3.3e-07
    17.000        88.5     216.700    2.96e+18        3.85         330        1.19       0.278      0.0249        1.55    2.09e+05    0.000252    5.37e-05    0.000519     1.1e-07     0.00131    1.04e-07    1.69e-05    0.000313     1.7e-06       3e-06    5.65e-07    0.000348     3.5e-05     1.2e-05    7.81e+05    0.000149    0.000449     2.3e-06    1.55e-06    0.000149       1e-14     3.4e-07
    17.100     87.1224     216.700   2.914e+18        3.85         330        1.23       0.277      0.0244        1.55    2.09e+05    0.000251    5.31e-05    0.000544    1.06e-07     0.00139    1.07e-07    1.78e-05     0.00032     1.7e-06       3e-06    6.13e-07    0.000344    3.49e-05    1.24e-05    7.81e+05    0.000149    0.000446    2.29e-06    1.48e-06    0.000145       1e-14    3.54e-07
    17.200     85.7662     216.700   2.869e+18        3.85         330        1.27       0.276      0.0238        1.54    2.09e+05     0.00025    5.25e-05    0.000569    1.01e-07     0.00147    1.09e-07    1.87e-05    0.000327     1.7e-06       3e-06     6.6e-07     0.00034    3.48e-05    1.29e-05    7.81e+05    0.000148    0.000443    2.29e-06    1.41e-06     0.00014       1e-14    3.68e-07
    17.300     84.4312     216.700   2.824e+18        3.84         330        1.31       0.275      0.0233        1.54    2.09e+05    0.000248    5.19e-05    0.000595    9.71e-08     0.00155    1.12e-07    1.95e-05    0.000335     1.7e-06       3e-06    7.08e-07    0.000336    3.48e-05    1.33e-05    7.81e+05    0.000148    0.000441    2.28e-06    1.34e-06    0.000136       1e-14    3.82e-07
    17.400     83.1169     216.700    2.78e+18        3.84         330        1.35       0.274      0.0228        1.54    2.09e+05    0.000247    5.13e-05     0.00062    9.28e-08     0.00163    1.14e-07    2.04e-05    0.000342     1.7e-06       3e-06    7.55e-07    0.000332    3.47e-05    1.37e-05    7.81e+05    0.000147    0.000438    2.28e-06    1.28e-06    0.000131       1e-14    3.96e-07
    17.500     81.8231     216.700   2.737e+18        3.84         330        1.39       0.272      0.0223        1.54    2.09e+05    0.000246    5.08e-05    0.000645    8.85e-08     0.00171    1.17e-07    2.13e-05    0.000349     1.7e-06       3e-06    8.02e-07    0.000329    3.46e-05    1.42e-05    7.81e+05    0.000147    0.000435    2.27e-06    1.21e-06    0.000127       1e-14     4.1e-07
    17.600     80.5495     216.700   2.694e+18        3.84         330        1.43       0.271      0.0218        1.53    2.09e+05    0.000245    5.02e-05     0.00067    8.42e-08     0.00179     1.2e-07    2.22e-05    0.000356     1.7e-06       3e-06     8.5e-07    0.000325    3.45e-05    1.46e-05    7.81e+05    0.000147    0.000432    2.26e-06    1.14e-06    0.000123       1e-14    4.24e-07
    17.700     79.2956     216.700   2.652e+18        3.84         330        1.47        0.27      0.0212        1.53    2.09e+05    0.000244    4.96e-05    0.000695    7.99e-08     0.00187    1.22e-07    2.31e-05    0.000363     1.7e-06       3e-06    8.97e-07    0.000321    3.44e-05     1.5e-05    7.81e+05    0.000146    0.000429    2.26e-06    1.07e-06    0.000118       1e-14    4.38e-07
    17.800     78.0613     216.700   2.611e+18        3.83         330        1.51       0.269      0.0207        1.53    2.09e+05    0.000242     4.9e-05    0.000721    7.56e-08     0.00195    1.25e-07    2.39e-05    0.000371     1.7e-06       3e-06    9.45e-07    0.000317    3.44e-05    1.54e-05    7.81e+05    0.000146    0.000427    2.25e-06       1e-06    0.000114       1e-14    4.52e-07
    17.900     76.8462     216.700    2.57e+18        3.83         330        1.55       0.268      0.0202        1.52    2.09e+05    0.000241    4.84e-05    0.000746    7.13e-08     0.00203    1.27e-07    2.48e-05    0.000378     1.7e-06       3e-06    9.93e-07    0.000313    3.43e-05    1.59e-05    7.81e+05    0.000145    0.000424    2.25e-06    9.32e-07    0.000109       1e-14    4.66e-07
    18.000       75.65     216.700    2.53e+18        3.83         330        1.59       0.267      0.0197        1.52    2.09e+05     0.00024    4.78e-05    0.000771     6.7e-08     0.00211     1.3e-07    2.57e-05    0.000385     1.7e-06       3e-06    1.04e-06    0.000309    3.42e-05    1.63e-05    7.81e+05    0.000145    0.000421    2.24e-06    8.63e-07    0.000105       1e-14     4.8e-07
    18.100     74.4729     216.700   2.491e+18        3.83         330        1.63       0.266      0.0192        1.52    2.09e+05     0.00024     4.7e-05      0.0008    6.43e-08     0.00222    1.33e-07    2.72e-05    0.000391     1.7e-06       3e-06    1.14e-06    0.000305    3.42e-05    1.69e-05    7.81e+05    0.000145    0.000418    2.28e-06     8.3e-07    0.000102       1e-14       5e-07
    18.200     73.3141     216.700   2.452e+18        3.83         330        1.68       0.264      0.0188        1.51    2.09e+05    0.000241    4.62e-05    0.000829    6.15e-08     0.00232    1.37e-07    2.86e-05    0.000396     1.7e-06       3e-06    1.24e-06    0.000302    3.41e-05    1.76e-05    7.81e+05    0.000144    0.000416    2.33e-06    7.96e-07    9.99e-05       1e-14     5.2e-07
    18.300     72.1734     216.700   2.414e+18        3.84         330        1.72       0.263      0.0184        1.51    2.09e+05    0.000241    4.54e-05    0.000858    5.88e-08     0.00243     1.4e-07    3.01e-05    0.000402     1.7e-06       3e-06    1.34e-06    0.000298    3.41e-05    1.82e-05    7.81e+05    0.000144    0.000413    2.37e-06    7.63e-07    9.74e-05       1e-14     5.4e-07
    18.400     71.0504     216.700   2.376e+18        3.84         330        1.77       0.261       0.018         1.5    2.09e+05    0.000242    4.46e-05    0.000887    5.61e-08     0.00253    1.44e-07    3.15e-05    0.000408     1.7e-06       3e-06    1.44e-06    0.000295    3.41e-05    1.88e-05    7.81e+05    0.000143    0.000411    2.42e-06     7.3e-07    9.48e-05       1e-14     5.6e-07
    18.500     69.9449     216.700   2.339e+18        3.84         330        1.81        0.26      0.0176         1.5    2.09e+05    0.000242    4.37e-05    0.000915    5.33e-08     0.00264    1.47e-07    3.29e-05    0.000414     1.7e-06       3e-06    1.54e-06    0.000291    3.41e-05    1.94e-05    7.81e+05    0.000143    0.000408    2.46e-06    6.96e-07    9.23e-05       1e-14     5.8e-07
    18.600     68.8566     216.700   2.303e+18        3.84         330        1.85       0.259      0.0172         1.5    2.09e+05    0.000242    4.29e-05    0.000944    5.06e-08     0.00275     1.5e-07    3.44e-05    0.000419     1.7e-06       3e-06    1.64e-06    0.000288     3.4e-05    2.01e-05    7.81e+05    0.000143    0.000405     2.5e-06    6.63e-07    8.98e-05       1e-14       6e-07
    18.700     67.7852     216.700   2.267e+18        3.84         330         1.9       0.257      0.0167        1.49    2.09e+05    0.000243    4.21e-05    0.000973    4.79e-08     0.00285    1.54e-07    3.58e-05    0.000425     1.7e-06       3e-06    1.74e-06    0.000285     3.4e-05    2.07e-05    7.81e+05    0.000142    0.000403    2.55e-06     6.3e-07    8.72e-05       1e-14     6.2e-07
    18.800     66.7305     216.700   2.232e+18        3.85         330        1.94       0.256      0.0163        1.49    2.09e+05    0.000243    4.13e-05       0.001    4.52e-08     0.00296    1.57e-07    3.73e-05    0.000431     1.7e-06       3e-06    1.84e-06    0.000281     3.4e-05    2.13e-05    7.81e+05    0.000142      0.0004    2.59e-06    5.97e-07    8.47e-05       1e-14     6.4e-07
    18.900     65.6921     216.700   2.197e+18        3.85         330        1.99       0.254      0.0159        1.48    2.09e+05    0.000244    4.05e-05     0.00103    4.24e-08     0.00306    1.61e-07    3.88e-05    0.000436     1.7e-06       3e-06    1.94e-06    0.000277    3.39e-05     2.2e-05    7.81e+05    0.000141    0.000398    2.64e-06    5.63e-07    8.21e-05       1e-14     6.6e-07
    19.000       64.67     216.700   2.163e+18        3.85         330        2.03       0.253      0.0155        1.48    2.09e+05    0.000244    3.97e-05     0.00106    3.97e-08     0.00317    1.64e-07    4.02e-05    0.000442     1.7e-06       3e-06    2.04e-06    0.000274    3.39e-05    2.26e-05    7.81e+05    0.000141    0.000395    2.68e-06     5.3e-07    7.96e-05       1e-14     6.8e-07
    19.100     63.6645     216.700   2.129e+18        3.85         330        2.09       0.251      0.0153        1.47    2.09e+05    0.000245    3.89e-05     0.00109    3.81e-08     0.00327    1.69e-07     4.2e-05    0.000447     1.7e-06       3e-06     2.3e-06    0.000271    3.39e-05    2.34e-05    7.81e+05    0.000141    0.000392    2.78e-06    5.08e-07    7.76e-05       1e-14    7.08e-07
    19.200     62.6746     216.700   2.096e+18        3.86         330        2.14        0.25      0.0151        1.47    2.09e+05    0.000246    3.81e-05     0.00113    3.66e-08     0.00338    1.74e-07    4.37e-05    0.000451     1.7e-06       3e-06    2.56e-06    0.000267     3.4e-05    2.42e-05    7.81e+05     0.00014     0.00039    2.88e-06    4.86e-07    7.57e-05       1e-14    7.36e-07
    19.300     61.7001     216.700   2.064e+18        3.87         330         2.2       0.248      0.0148        1.46    2.09e+05    0.000247    3.74e-05     0.00116     3.5e-08     0.00348     1.8e-07    4.55e-05    0.000456     1.7e-06       3e-06    2.82e-06    0.000264     3.4e-05     2.5e-05    7.81e+05     0.00014    0.000387    2.98e-06    4.64e-07    7.37e-05       1e-14    7.64e-07
    19.400     60.7408     216.700   2.031e+18        3.87         330        2.25       0.246      0.0146        1.46    2.09e+05    0.000248    3.66e-05     0.00119    3.35e-08     0.00358    1.85e-07    4.72e-05    0.000461     1.7e-06       3e-06    3.08e-06    0.000261    3.41e-05    2.58e-05    7.81e+05    0.000139    0.000385    3.08e-06    4.42e-07    7.18e-05       1e-14    7.92e-07
    19.500     59.7964     216.700       2e+18        3.88         330         2.3       0.244      0.0144        1.45    2.09e+05    0.000249    3.58e-05     0.00122    3.19e-08     0.00368     1.9e-07    4.89e-05    0.000465     1.7e-06       3e-06    3.34e-06    0.000257    3.41e-05    2.67e-05    7.81e+05    0.000139    0.000382    3.18e-06     4.2e-07    6.98e-05       1e-14     8.2e-07
    19.600     58.8666     216.700   1.969e+18        3.88         330        2.36       0.243      0.0142        1.44    2.09e+05    0.000251     3.5e-05     0.00126    3.03e-08     0.00379    1.95e-07    5.07e-05     0.00047     1.7e-06       3e-06     3.6e-06    0.000254    3.41e-05    2.75e-05    7.81e+05    0.000139    0.000379    3.28e-06    3.98e-07    6.79e-05       1e-14    8.48e-07
    19.700     57.9513     216.700   1.938e+18        3.89         330        2.42       0.241       0.014        1.44    2.09e+05    0.000252    3.42e-05     0.00129    2.88e-08     0.00389       2e-07    5.25e-05    0.000475     1.7e-06       3e-06    3.86e-06    0.000251    3.42e-05    2.83e-05    7.81e+05    0.000138    0.000377    3.38e-06    3.76e-07    6.59e-05       1e-14    8.76e-07
    19.800     57.0503     216.700   1.908e+18        3.89         330        2.47       0.239      0.0137        1.43    2.09e+05    0.000253    3.35e-05     0.00132    2.72e-08     0.00399    2.06e-07    5.42e-05     0.00048     1.7e-06       3e-06    4.12e-06    0.000248    3.42e-05    2.91e-05    7.81e+05    0.000138    0.000374    3.48e-06    3.54e-07     6.4e-05       1e-14    9.04e-07
    19.900     56.1632     216.700   1.878e+18         3.9         330        2.53       0.238      0.0135        1.43    2.09e+05    0.000254    3.27e-05     0.00136    2.57e-08      0.0041    2.11e-07     5.6e-05    0.000484     1.7e-06       3e-06    4.38e-06    0.000244    3.43e-05    2.99e-05    7.81e+05    0.000137    0.000372    3.58e-06    3.32e-07     6.2e-05       1e-14    9.32e-07
    20.000       55.29     216.700   1.849e+18         3.9         330        2.58       0.236      0.0133        1.42    2.09e+05    0.000255    3.19e-05     0.00139    2.41e-08      0.0042    2.16e-07    5.77e-05    0.000489     1.7e-06       3e-06    4.64e-06    0.000241    3.43e-05    3.07e-05    7.81e+05    0.000137    0.000369    3.68e-06     3.1e-07    6.01e-05       1e-14     9.6e-07
    21.000       47.29     217.600   1.575e+18        3.97         330        3.03       0.219      0.0123        1.36    2.09e+05    0.000277    2.67e-05     0.00176    1.92e-08     0.00494     3.4e-07    7.77e-05    0.000522     1.7e-06       3e-06    8.15e-06    0.000214    3.68e-05    4.29e-05    7.81e+05    0.000134    0.000343    5.62e-06    1.89e-07    4.57e-05       1e-14     1.4e-06
    22.000       40.47     218.600   1.342e+18        4.07         330        3.65       0.205      0.0123        1.27    2.09e+05    0.000307    2.28e-05     0.00216    1.72e-08     0.00546    5.09e-07     9.9e-05    0.000549     1.7e-06       3e-06    1.07e-05    0.000188    4.03e-05    5.76e-05    7.81e+05     0.00013    0.000317    1.03e-05    1.04e-07     3.4e-05       1e-14     2.1e-06
    23.000       34.67     219.600   1.144e+18         4.2         330        4.17       0.197      0.0131        1.19    2.09e+05     0.00036    2.07e-05     0.00258    1.59e-08     0.00574    7.59e-07    0.000123    0.000575     1.7e-06       3e-06    1.52e-05    0.000164     4.5e-05    7.65e-05    7.81e+05    0.000125    0.000286    1.97e-05    5.75e-08     2.6e-05       1e-14     3.1e-06
    24.000       29.72     220.600   9.765e+17         4.3         330        4.63       0.188       0.014        1.12    2.09e+05    0.000451     1.9e-05     0.00306    1.44e-08     0.00584    1.16e-06     0.00015    0.000604     1.7e-06       3e-06    2.24e-05    0.000137    5.06e-05    9.92e-05    7.81e+05    0.000119    0.000248     3.7e-05    2.23e-08    1.89e-05       1e-14     4.5e-06
    25.000       25.49     221.600   8.337e+17        4.43         330        5.12       0.176       0.015        1.05    2.09e+05    0.000685    1.75e-05     0.00374    1.23e-08     0.00561    2.18e-06    0.000182    0.000651    1.71e-06       3e-06    3.97e-05    0.000108    5.82e-05    0.000131    7.81e+05    0.000113    0.000191     6.2e-05    8.51e-09    1.22e-05       1e-14     6.7e-06
    26.000     21.8948     222.560    7.13e+17        4.49         330        5.39       0.169      0.0154        1.02    2.09e+05    0.000923    1.67e-05     0.00417    1.11e-08     0.00529    3.31e-06    0.000201    0.000691    1.73e-06       3e-06    5.77e-05    9.16e-05    6.38e-05    0.000152    7.81e+05     0.00011    0.000159    7.84e-05    6.74e-09    9.62e-06       1e-14    9.62e-06
    27.000     18.8067     223.520   6.099e+17        4.54         330        5.66       0.162      0.0158           1    2.09e+05     0.00116    1.58e-05      0.0046    9.96e-09     0.00498    4.44e-06     0.00022    0.000731    1.75e-06       3e-06    7.58e-05    7.52e-05    6.93e-05    0.000173    7.81e+05    0.000107    0.000126    9.48e-05    4.97e-09    7.03e-06       1e-14    1.25e-05
    28.000      16.168     224.500    5.22e+17         4.6         330        5.95       0.156      0.0162       0.972    2.09e+05     0.00151     1.5e-05     0.00508    8.77e-09      0.0046    6.34e-06    0.000241    0.000798    1.79e-06       3e-06    0.000105    5.95e-05    7.51e-05    0.000196    7.81e+05    0.000103    9.74e-05     0.00011    3.78e-09    5.02e-06       1e-14     1.7e-05
    29.000     13.9115     225.500   4.471e+17        4.66         330        6.25       0.149      0.0167       0.943    2.09e+05     0.00198    1.42e-05     0.00562    7.56e-09     0.00417    9.02e-06    0.000262    0.000893    1.84e-06       3e-06    0.000145    4.46e-05    8.12e-05    0.000221    7.81e+05      0.0001    7.23e-05    0.000123    3.15e-09    3.58e-06       1e-14     2.3e-05
    30.000       11.97     226.500    3.83e+17        4.72         330        6.55       0.142      0.0171       0.914    2.09e+05     0.00245    1.34e-05     0.00616    6.35e-09     0.00374    1.17e-05    0.000283    0.000988     1.9e-06       3e-06    0.000185    2.96e-05    8.73e-05    0.000245    7.81e+05    9.73e-05    4.72e-05    0.000136    2.52e-09    2.14e-06       1e-14     2.9e-05
    31.000     10.1932     227.900   3.242e+17        4.76         330        6.88       0.132      0.0177        0.88    2.09e+05     0.00328    1.29e-05     0.00658    5.28e-09     0.00328    2.06e-05    0.000298      0.0011    2.04e-06       3e-06    0.000254    2.26e-05    9.28e-05    0.000265    7.81e+05    9.45e-05    3.55e-05    0.000136    2.26e-09    1.62e-06       1e-14     3.5e-05
    32.000      8.6801     229.300   2.744e+17         4.8         330        7.21       0.121      0.0182       0.847    2.09e+05     0.00411    1.24e-05       0.007    4.21e-09     0.00282    2.95e-05    0.000313     0.00122    2.19e-06       3e-06    0.000323    1.56e-05    9.83e-05    0.000286    7.81e+05    9.18e-05    2.38e-05    0.000136    1.99e-09    1.11e-06       1e-14     4.1e-05
    33.000     7.49513     231.300   2.349e+17        4.84         330        7.46       0.111      0.0188       0.813    2.09e+05     0.00505     1.2e-05     0.00722    3.31e-09      0.0024    4.39e-05    0.000326     0.00134    2.37e-06       3e-06    0.000387    1.05e-05    0.000103    0.000301    7.81e+05    8.92e-05    1.58e-05    0.000131    1.79e-09    7.48e-07       1e-14    4.88e-05
    34.000     6.56255     233.900   2.034e+17        4.87         330        7.65       0.102      0.0195        0.78    2.09e+05      0.0061    1.18e-05     0.00725    2.56e-09     0.00202    6.37e-05    0.000337     0.00145     2.6e-06       3e-06    0.000448    7.43e-06    0.000107    0.000311    7.81e+05    8.69e-05    1.16e-05    0.000122    1.66e-09    5.45e-07       1e-14    5.84e-05
    35.000       5.746     236.500   1.761e+17         4.9         330        7.84      0.0927      0.0201       0.746    2.09e+05     0.00714    1.16e-05     0.00728    1.82e-09     0.00164    8.35e-05    0.000348     0.00157    2.82e-06       3e-06    0.000508    4.31e-06    0.000111    0.000321    7.81e+05    8.46e-05    7.35e-06    0.000113    1.52e-09    3.42e-07       1e-14     6.8e-05
    36.000     5.04474     239.060   1.529e+17        4.92         330        7.82      0.0824      0.0209       0.712    2.09e+05     0.00802    1.18e-05     0.00687    1.46e-09     0.00137    0.000118    0.000358     0.00162    3.17e-06       3e-06    0.000548    3.23e-06    0.000112    0.000314    7.81e+05    8.28e-05    5.62e-06    0.000102    1.44e-09    2.59e-07       1e-14    7.36e-05
    37.000     4.42906     241.620   1.328e+17        4.94         330        7.81      0.0721      0.0218       0.679    2.09e+05      0.0089     1.2e-05     0.00646     1.1e-09      0.0011    0.000153    0.000367     0.00167    3.52e-06       3e-06    0.000587    2.14e-06    0.000113    0.000307    7.81e+05    8.11e-05    3.89e-06    9.07e-05    1.36e-09    1.76e-07       1e-14    7.92e-05
    38.000     3.85518     244.400   1.143e+17        4.97         330         7.7      0.0626      0.0228       0.642    2.09e+05     0.00971    1.24e-05     0.00581       8e-10    0.000881    0.000193    0.000377      0.0017    3.93e-06       3e-06    0.000605    1.41e-06    0.000111    0.000293    7.81e+05    7.94e-05    2.69e-06    8.08e-05    1.29e-09    1.18e-07       1e-14    8.52e-05
    39.000      3.3269     247.400   9.747e+16           5         330         7.5      0.0538      0.0239       0.603    2.09e+05      0.0105     1.3e-05     0.00492    5.47e-10    0.000707    0.000239    0.000386     0.00172    4.42e-06       3e-06      0.0006    1.04e-06    0.000107     0.00027    7.81e+05    7.79e-05       2e-06    7.23e-05    1.24e-09    8.59e-08       1e-14    9.16e-05
    40.000       2.871     250.400    8.31e+16        5.03         330         7.3      0.0451       0.025       0.564    2.09e+05      0.0112    1.36e-05     0.00403    2.94e-10    0.000533    0.000285    0.000395     0.00174    4.91e-06       3e-06    0.000595    6.71e-07    0.000103    0.000248    7.81e+05    7.63e-05    1.32e-06    6.37e-05    1.18e-09    5.39e-08       1e-14     9.8e-05
