#where: US standard 1976 (AFGL Atmospheric Constituent Profiles)
#
#what: altitude   NO  SO2       NO2       NH3       HNO3      OH        HF        HCl       HBr       HI        ClO       OCS       H2CO      HOCl      N2        HCN       CH3Cl     H2O2      C2H2      C2H6      PH3       HO2
#units: km  ppm       ppm       ppm       ppm       ppm       ppm       ppm       ppm       ppm       ppm       ppm       ppm       ppm       ppm       ppm       ppm       ppm       ppm       ppm       ppm       ppm       ppm
    0.0    3.000E-04 3.000E-04 2.300E-05 5.000E-04 5.000E-05 4.400E-08 1.000E-08 1.000E-03 1.700E-06 3.000E-06 1.000E-08 6.000E-04 2.400E-03 7.700E-06 7.810E+05 1.700E-04 7.000E-04 2.000E-04 3.000E-04 2.000E-03 1.000E-14 4.000E-05
    1.0    3.000E-04 2.740E-04 2.300E-05 5.000E-04 5.960E-05 4.400E-08 1.000E-08 7.490E-04 1.700E-06 3.000E-06 1.000E-08 5.900E-04 1.070E-03 1.060E-05 7.810E+05 1.650E-04 6.700E-04 1.950E-04 1.720E-04 2.000E-03 1.000E-14 2.900E-05
    2.0    3.000E-04 2.360E-04 2.300E-05 4.630E-04 6.930E-05 4.400E-08 1.230E-08 5.610E-04 1.700E-06 3.000E-06 1.000E-08 5.800E-04 4.040E-04 1.220E-05 7.810E+05 1.630E-04 6.430E-04 1.920E-04 9.570E-05 2.000E-03 1.000E-14 2.000E-05
    3.0    3.000E-04 1.900E-04 2.300E-05 3.800E-04 7.910E-05 4.400E-08 1.970E-08 4.220E-04 1.700E-06 3.000E-06 1.000E-08 5.700E-04 2.270E-04 1.140E-05 7.810E+05 1.610E-04 6.220E-04 1.890E-04 6.740E-05 2.000E-03 1.000E-14 1.500E-05
    4.0    3.000E-04 1.460E-04 2.300E-05 2.880E-04 8.870E-05 4.400E-08 3.180E-08 3.190E-04 1.700E-06 3.000E-06 1.000E-08 5.620E-04 1.400E-04 9.800E-06 7.810E+05 1.600E-04 6.070E-04 1.840E-04 5.070E-05 1.980E-03 1.000E-14 1.000E-05
    5.0    3.000E-04 1.180E-04 2.300E-05 2.040E-04 9.750E-05 4.400E-08 5.630E-08 2.390E-04 1.700E-06 3.000E-06 1.000E-08 5.550E-04 1.000E-04 8.010E-06 7.810E+05 1.600E-04 6.020E-04 1.770E-04 3.990E-05 1.950E-03 1.000E-14 7.500E-06
    6.0    3.000E-04 9.710E-05 2.300E-05 1.460E-04 1.110E-04 4.400E-08 9.180E-08 1.790E-04 1.700E-06 3.000E-06 1.000E-08 5.480E-04 7.440E-05 6.420E-06 7.810E+05 1.600E-04 6.000E-04 1.660E-04 3.190E-05 1.900E-03 1.000E-14 4.400E-06
    7.0    3.000E-04 8.300E-05 2.300E-05 9.880E-05 1.260E-04 4.410E-08 1.530E-07 1.320E-04 1.700E-06 3.000E-06 1.000E-08 5.400E-04 6.040E-05 5.420E-06 7.810E+05 1.600E-04 6.000E-04 1.490E-04 2.800E-05 1.850E-03 1.000E-14 2.600E-06
    8.0    3.000E-04 7.210E-05 2.300E-05 6.480E-05 1.390E-04 4.450E-08 2.410E-07 9.960E-05 1.700E-06 3.000E-06 1.010E-08 5.320E-04 5.010E-05 4.700E-06 7.810E+05 1.600E-04 5.980E-04 1.230E-04 2.550E-05 1.790E-03 1.000E-14 1.600E-06
    9.0    3.000E-04 6.560E-05 2.320E-05 3.770E-05 1.530E-04 4.560E-08 4.040E-07 7.480E-05 1.700E-06 3.000E-06 1.050E-08 5.250E-04 4.220E-05 4.410E-06 7.810E+05 1.600E-04 5.940E-04 9.090E-05 2.400E-05 1.720E-03 1.000E-14 8.200E-07
   10.0    3.000E-04 6.080E-05 2.380E-05 2.030E-05 1.740E-04 4.680E-08 6.570E-07 5.680E-05 1.700E-06 3.000E-06 1.210E-08 5.180E-04 3.630E-05 4.340E-06 7.810E+05 1.600E-04 5.880E-04 5.790E-05 2.270E-05 1.580E-03 1.000E-14 5.400E-07
   11.0    3.000E-04 5.790E-05 2.620E-05 1.090E-05 2.020E-04 4.800E-08 1.200E-06 4.590E-05 1.700E-06 3.000E-06 1.870E-08 5.090E-04 3.430E-05 4.650E-06 7.810E+05 1.600E-04 5.790E-04 3.430E-05 2.080E-05 1.300E-03 1.000E-14 4.300E-07
   12.0    3.000E-04 5.600E-05 3.150E-05 6.300E-06 2.410E-04 4.940E-08 1.960E-06 4.360E-05 1.700E-06 3.000E-06 3.180E-08 4.980E-04 3.390E-05 5.010E-06 7.810E+05 1.600E-04 5.660E-04 1.950E-05 1.760E-05 9.860E-04 1.000E-14 3.400E-07
   13.0    2.990E-04 5.590E-05 4.450E-05 3.120E-06 2.760E-04 5.190E-08 3.120E-06 6.510E-05 1.700E-06 3.000E-06 5.610E-08 4.820E-04 3.500E-05 5.220E-06 7.810E+05 1.590E-04 5.480E-04 1.080E-05 1.230E-05 7.220E-04 1.000E-14 2.700E-07
   14.0    2.950E-04 5.640E-05 7.480E-05 1.110E-06 3.330E-04 5.650E-08 4.620E-06 1.010E-04 1.700E-06 3.000E-06 9.990E-08 4.600E-04 3.620E-05 5.600E-06 7.810E+05 1.570E-04 5.280E-04 6.590E-06 7.320E-06 4.960E-04 1.000E-14 2.100E-07
   15.0    2.830E-04 5.750E-05 1.710E-04 4.470E-07 4.520E-04 6.750E-08 7.090E-06 1.630E-04 1.700E-06 3.000E-06 1.780E-07 4.260E-04 3.620E-05 6.860E-06 7.810E+05 1.550E-04 5.030E-04 4.200E-06 4.520E-06 3.350E-04 1.000E-14 1.700E-07
   16.0    2.680E-04 5.750E-05 3.190E-04 2.110E-07 7.370E-04 8.250E-08 1.050E-05 2.370E-04 1.700E-06 3.000E-06 3.160E-07 3.880E-04 3.580E-05 8.770E-06 7.810E+05 1.520E-04 4.770E-04 2.940E-06 2.590E-06 2.140E-04 1.000E-14 2.400E-07
   17.0    2.520E-04 5.370E-05 5.190E-04 1.100E-07 1.310E-03 1.040E-07 1.690E-05 3.130E-04 1.700E-06 3.000E-06 5.650E-07 3.480E-04 3.500E-05 1.200E-05 7.810E+05 1.490E-04 4.490E-04 2.300E-06 1.550E-06 1.490E-04 1.000E-14 3.400E-07
   18.0    2.400E-04 4.780E-05 7.710E-04 6.700E-08 2.110E-03 1.300E-07 2.570E-05 3.850E-04 1.700E-06 3.000E-06 1.040E-06 3.090E-04 3.420E-05 1.630E-05 7.810E+05 1.450E-04 4.210E-04 2.240E-06 8.630E-07 1.050E-04 1.000E-14 4.800E-07
   19.0    2.440E-04 3.970E-05 1.060E-03 3.970E-08 3.170E-03 1.640E-07 4.020E-05 4.420E-04 1.700E-06 3.000E-06 2.040E-06 2.740E-04 3.390E-05 2.260E-05 7.810E+05 1.410E-04 3.950E-04 2.680E-06 5.300E-07 7.960E-05 1.000E-14 6.800E-07
   20.0    2.550E-04 3.190E-05 1.390E-03 2.410E-08 4.200E-03 2.160E-07 5.770E-05 4.890E-04 1.700E-06 3.000E-06 4.640E-06 2.410E-04 3.430E-05 3.070E-05 7.810E+05 1.370E-04 3.690E-04 3.680E-06 3.100E-07 6.010E-05 1.000E-14 9.600E-07
   21.0    2.770E-04 2.670E-05 1.760E-03 1.920E-08 4.940E-03 3.400E-07 7.770E-05 5.220E-04 1.700E-06 3.000E-06 8.150E-06 2.140E-04 3.680E-05 4.290E-05 7.810E+05 1.340E-04 3.430E-04 5.620E-06 1.890E-07 4.570E-05 1.000E-14 1.400E-06
   22.0    3.070E-04 2.280E-05 2.160E-03 1.720E-08 5.460E-03 5.090E-07 9.900E-05 5.490E-04 1.700E-06 3.000E-06 1.070E-05 1.880E-04 4.030E-05 5.760E-05 7.810E+05 1.300E-04 3.170E-04 1.030E-05 1.040E-07 3.400E-05 1.000E-14 2.100E-06
   23.0    3.600E-04 2.070E-05 2.580E-03 1.590E-08 5.740E-03 7.590E-07 1.230E-04 5.750E-04 1.700E-06 3.000E-06 1.520E-05 1.640E-04 4.500E-05 7.650E-05 7.810E+05 1.250E-04 2.860E-04 1.970E-05 5.750E-08 2.600E-05 1.000E-14 3.100E-06
   24.0    4.510E-04 1.900E-05 3.060E-03 1.440E-08 5.840E-03 1.160E-06 1.500E-04 6.040E-04 1.700E-06 3.000E-06 2.240E-05 1.370E-04 5.060E-05 9.920E-05 7.810E+05 1.190E-04 2.480E-04 3.700E-05 2.230E-08 1.890E-05 1.000E-14 4.500E-06
   25.0    6.850E-04 1.750E-05 3.740E-03 1.230E-08 5.610E-03 2.180E-06 1.820E-04 6.510E-04 1.710E-06 3.000E-06 3.970E-05 1.080E-04 5.820E-05 1.310E-04 7.810E+05 1.130E-04 1.910E-04 6.200E-05 8.510E-09 1.220E-05 1.000E-14 6.700E-06
   27.5    1.280E-03 1.540E-05 4.810E-03 9.370E-09 4.820E-03 5.000E-06 2.300E-04 7.510E-04 1.760E-06 3.000E-06 8.480E-05 6.700E-05 7.210E-05 1.840E-04 7.810E+05 1.050E-04 1.100E-04 1.030E-04 4.090E-09 5.740E-06 1.000E-14 1.400E-05
   30.0    2.450E-03 1.340E-05 6.160E-03 6.350E-09 3.740E-03 1.170E-05 2.830E-04 9.880E-04 1.900E-06 3.000E-06 1.850E-04 2.960E-05 8.730E-05 2.450E-04 7.810E+05 9.730E-05 4.720E-05 1.360E-04 2.520E-09 2.140E-06 1.000E-14 2.900E-05
   32.5    4.530E-03 1.210E-05 7.210E-03 3.680E-09 2.590E-03 3.400E-05 3.200E-04 1.280E-03 2.260E-06 3.000E-06 3.570E-04 1.210E-05 1.010E-04 2.960E-04 7.810E+05 9.040E-05 1.790E-05 1.360E-04 1.860E-09 8.490E-07 1.000E-14 4.400E-05
   35.0    7.140E-03 1.160E-05 7.280E-03 1.820E-09 1.640E-03 8.350E-05 3.480E-04 1.570E-03 2.820E-06 3.000E-06 5.080E-04 4.310E-06 1.110E-04 3.210E-04 7.810E+05 8.460E-05 7.350E-06 1.130E-04 1.520E-09 3.420E-07 1.000E-14 6.800E-05
   37.5    9.340E-03 1.210E-05 6.260E-03 9.260E-10 9.680E-04 1.700E-04 3.720E-04 1.690E-03 3.690E-06 3.000E-06 6.070E-04 1.600E-06 1.130E-04 3.040E-04 7.810E+05 8.020E-05 3.030E-06 8.510E-05 1.320E-09 1.340E-07 1.000E-14 8.200E-05
   40.0    1.120E-02 1.360E-05 4.030E-03 2.940E-10 5.330E-04 2.850E-04 3.950E-04 1.740E-03 4.910E-06 3.000E-06 5.950E-04 6.710E-07 1.030E-04 2.480E-04 7.810E+05 7.630E-05 1.320E-06 6.370E-05 1.180E-09 5.390E-08 1.000E-14 9.800E-05
   42.5    1.190E-02 1.650E-05 2.170E-03 8.720E-11 2.520E-04 4.060E-04 4.100E-04 1.760E-03 6.130E-06 3.000E-06 4.330E-04 4.350E-07 7.950E-05 1.640E-04 7.810E+05 7.300E-05 8.690E-07 5.170E-05 1.080E-09 2.250E-08 1.000E-14 1.200E-04
   45.0    1.170E-02 2.100E-05 1.150E-03 2.980E-11 1.210E-04 5.110E-04 4.210E-04 1.790E-03 6.850E-06 3.000E-06 2.510E-04 3.340E-07 4.820E-05 9.740E-05 7.810E+05 7.000E-05 6.680E-07 4.440E-05 9.970E-10 1.040E-08 1.000E-14 1.500E-04
   47.5    1.100E-02 2.770E-05 6.660E-04 1.300E-11 7.700E-05 5.790E-04 4.240E-04 1.800E-03 7.080E-06 3.000E-06 1.560E-04 2.800E-07 1.630E-05 4.920E-05 7.810E+05 6.700E-05 5.600E-07 3.800E-05 9.340E-10 6.570E-09 1.000E-14 1.700E-04
   50.0    1.030E-02 3.560E-05 4.430E-04 7.130E-12 5.550E-05 6.750E-04 4.250E-04 1.800E-03 7.140E-06 3.000E-06 1.040E-04 2.470E-07 5.100E-06 2.530E-05 7.810E+05 6.430E-05 4.940E-07 3.480E-05 8.830E-10 4.740E-09 1.000E-14 2.000E-04
   55.0    1.010E-02 4.590E-05 3.390E-04 4.800E-12 4.450E-05 9.530E-04 4.250E-04 1.800E-03 7.150E-06 3.000E-06 7.690E-05 2.280E-07 2.000E-06 1.500E-05 7.810E+05 6.210E-05 4.560E-07 3.620E-05 8.430E-10 3.790E-09 1.000E-14 2.300E-04
   60.0    1.010E-02 5.150E-05 2.850E-04 3.660E-12 3.840E-05 1.760E-03 4.250E-04 1.800E-03 7.150E-06 3.000E-06 6.300E-05 2.160E-07 1.050E-06 1.050E-05 7.810E+05 6.020E-05 4.320E-07 5.250E-05 8.100E-10 3.280E-09 1.000E-14 2.700E-04
   65.0    1.030E-02 5.110E-05 2.530E-04 3.000E-12 3.490E-05 3.740E-03 4.250E-04 1.800E-03 7.150E-06 3.000E-06 5.520E-05 2.080E-07 6.860E-07 8.340E-06 7.810E+05 5.880E-05 4.170E-07 1.260E-04 7.830E-10 2.980E-09 1.000E-14 3.400E-04
   70.0    1.150E-02 4.320E-05 2.310E-04 2.570E-12 3.270E-05 7.190E-03 4.250E-04 1.800E-03 7.150E-06 3.000E-06 5.040E-05 2.030E-07 5.140E-07 7.110E-06 7.810E+05 5.750E-05 4.050E-07 3.770E-04 7.600E-10 2.790E-09 1.000E-14 5.800E-04
   75.0    1.610E-02 2.830E-05 2.150E-04 2.270E-12 3.120E-05 1.120E-02 4.250E-04 1.800E-03 7.150E-06 3.000E-06 4.720E-05 1.980E-07 4.160E-07 6.330E-06 7.810E+05 5.620E-05 3.960E-07 1.120E-03 7.400E-10 2.660E-09 1.000E-14 1.400E-03
   80.0    2.680E-02 1.330E-05 2.020E-04 2.040E-12 3.010E-05 1.130E-02 4.250E-04 1.800E-03 7.150E-06 3.000E-06 4.490E-05 1.950E-07 3.530E-07 5.780E-06 7.810E+05 5.500E-05 3.890E-07 2.000E-03 7.230E-10 2.560E-09 1.000E-14 1.500E-03
   85.0    7.010E-02 5.560E-06 1.920E-04 1.850E-12 2.920E-05 6.100E-03 4.250E-04 1.800E-03 7.150E-06 3.000E-06 4.300E-05 1.920E-07 3.090E-07 5.370E-06 7.810E+05 5.370E-05 3.830E-07 1.680E-03 7.070E-10 2.490E-09 1.000E-14 4.100E-03
   90.0    0.213     2.240E-06 1.830E-04 1.710E-12 2.840E-05 1.510E-03 4.250E-04 1.800E-03 7.150E-06 3.000E-06 4.160E-05 1.890E-07 2.760E-07 5.050E-06 7.800E+05 5.250E-05 3.780E-07 4.310E-04 6.940E-10 2.430E-09 1.000E-14 9.800E-05
   95.0    0.712     8.960E-07 1.760E-04 1.590E-12 2.780E-05 2.420E-04 4.250E-04 1.800E-03 7.150E-06 3.000E-06 4.030E-05 1.870E-07 2.500E-07 4.780E-06 7.790E+05 5.120E-05 3.730E-07 4.980E-05 6.810E-10 2.370E-09 1.000E-14 3.300E-05
  100.0     2.08     3.580E-07 1.700E-04 1.480E-12 2.730E-05 4.470E-05 4.250E-04 1.800E-03 7.150E-06 3.000E-06 3.930E-05 1.850E-07 2.300E-07 4.560E-06 7.770E+05 5.000E-05 3.690E-07 6.760E-06 6.700E-10 2.330E-09 1.000E-14 1.000E-05
  105.0     4.50     1.430E-07 1.640E-04 1.400E-12 2.680E-05 1.770E-05 4.250E-04 1.800E-03 7.150E-06 3.000E-06 3.830E-05 1.830E-07 2.130E-07 4.370E-06 7.740E+05 4.870E-05 3.660E-07 8.380E-07 6.590E-10 2.290E-09 1.000E-14 1.000E-30
  110.0     7.98     5.730E-08 1.590E-04 1.320E-12 2.640E-05 1.190E-05 4.250E-04 1.800E-03 7.150E-06 3.000E-06 3.750E-05 1.810E-07 1.980E-07 4.210E-06 7.700E+05 4.750E-05 3.620E-07 9.560E-08 6.490E-10 2.250E-09 1.000E-14 1.000E-30
  115.0     10.0     2.290E-08 1.550E-04 1.250E-12 2.600E-05 1.350E-05 4.250E-04 1.800E-03 7.150E-06 3.000E-06 3.680E-05 1.800E-07 1.860E-07 4.060E-06 7.650E+05 4.620E-05 3.590E-07 1.000E-08 6.400E-10 2.220E-09 1.000E-14 1.000E-30
  120.0     10.0     9.170E-09 1.510E-04 1.190E-12 2.570E-05 2.200E-05 4.250E-04 1.800E-03 7.150E-06 3.000E-06 3.610E-05 1.780E-07 1.750E-07 3.930E-06 7.600E+05 4.500E-05 3.560E-07 1.000E-09 6.320E-10 2.190E-09 1.000E-14 1.000E-30
